local Ae,Ch,Dv,ve=pairs,getmetatable,bit32.bxor,type local ue,je,Tb,zn,Tv,se_,og,Bs,Ca,Eo,_l,ku,Ks,Sf,Xr,Ft;ue=(getfenv());Ca,ku,Eo=(string.char),(string.byte),(bit32 .bxor);Sf=function(gm,Xk)local oa,tm,Io,vf,de,ps,ih,kd;vf,de=function(Zn,pg,Eq)de[Zn]=Dv(pg,46992)-Dv(Eq,61031)return de[Zn]end,{};ih=de[-5037]or vf(-5037,6134,42035)repeat if ih<=29928 then if ih<22034 then if ih<=8707 then oa,ih=oa..Ca(Eo(ku(gm,(Io-70)+1),ku(Xk,(Io-70)%#Xk+1))),de[4697]or vf(4697,117976,10017)else Io=tm if ps~=ps then ih=29928 else ih=63357 end end elseif ih<=22034 then oa='';kd,ih,ps,tm=1,de[7175]or vf(7175,50269,40972),(#gm-1)+70,70 else return oa end elseif ih<=45570 then tm=tm+kd;Io=tm if tm~=tm then ih=de[-10046]or vf(-10046,14143,58784)else ih=63357 end else if(kd>=0 and tm>ps)or((kd<0 or kd~=kd)and tm<ps)then ih=29928 else ih=8707 end end until ih==10158 end;Ks,je=(string.gsub),(string.char);_l=(function(Fj)Fj=Ks(Fj,'[^ABCDEFGHIJKLMNOPQRSTUVWXYZabcdefghijklmnopqrstuvwxyz0123456789+/=]','')return(Fj:gsub('.',function(ac)if(ac=='=')then return''end local vm,Bv='',(('ABCDEFGHIJKLMNOPQRSTUVWXYZabcdefghijklmnopqrstuvwxyz0123456789+/'):find(ac)-1)for Wb=6,1,-1 do vm=vm..(Bv%2^Wb-Bv%2^(Wb-1)>0 and'1'or'0')end return vm end):gsub('%d%d%d?%d?%d?%d?%d?%d?',function(Qj)if(#Qj~=8)then return''end local Uj=0 for Hk=1,8 do Uj=Uj+(Qj:sub(Hk,Hk)=='1'and 2^(8-Hk)or 0)end return je(Uj)end))end)if not(ue[Sf('JL@H','--')][Sf('\173\31K\158\22c\153','\253s*')]~=85896571713843)then else return end local Rv=ue[Sf('\219\b\209\f','\188i')][Sf('U\139\0+\153\96\152\29\27\153','\18\238tx\252')](ue[Sf('\219\b\209\f','\188i')],Sf('\182\48\141\159\57\158\149','\230\\\236'))local xl,No,tv,p,Lb,tc,Ta,Ja,kb,Rb,E,Ci=Rv[Sf('\159\169B\212\172\131\170@\204\165\161','\211\198!\181\192')],ue[Sf('\142\50\132\54','\233S')][Sf('T5\30P\22a&\3\96\22','\19Pj\3s')](ue[Sf('\142\50\132\54','\233S')],Sf('\163\138\161r>\181\146\143\178~3\131','\247\253\196\23P\230')),ue[Sf("\'.-*",'@O')][Sf('\222<\248/\n\235/\229\31\n','\153Y\140|o')](ue[Sf("\'.-*",'@O')],Sf("k\145\'\237\51i UJ\177\'\237\fn3E",'>\226B\159z\aP ')),ue[Sf('\157\171\151\175','\250\202')][Sf('\231C,kd\210P1[d','\160&X8\1')](ue[Sf('\157\171\151\175','\250\202')],Sf('\30!8n\211+\"\56^\211','YTQ=\182')),ue[Sf('\197\163\207\167','\162\194')][Sf('\141K\30\243\211\184X\3\195\211','\202.j\160\182')](ue[Sf('\197\163\207\167','\162\194')],Sf('\183w\239\143\127\151t\232\191\127','\229\2\129\220\26')),ue[Sf('\155\180\145\176','\252\213')][Sf('\154h\194\193\146\175{\223\241\146','\221\r\182\146\247')](ue[Sf('\155\180\145\176','\252\213')],Sf('Q\t\162\177\127|\15\160\168O|','\25}\214\193,')),ue[Sf('d\216n\220','\3\185')][Sf('\172k<6\25\153x!\6\25','\235\14He|')](ue[Sf('d\216n\220','\3\185')],Sf('7\169b$\r\6\27*\0\168A<\v\23\27\57\0','e\204\18Hdez^')),ue[Sf('\202\145\192\149','\173\240')][Sf('\168\202\185\239\207\157\217\164\223\207','\239\175\205\188\170')](ue[Sf('\202\145\192\149','\173\240')],Sf(']\31$#S]\247,1\167w\31$\4SW\245\4\49\182','\30pJW6%\131mR\211')),ue[Sf('D]NY','#<')][Sf(')\2\162\50\132\28\17\191\2\132','ng\214a\225')](ue[Sf('D]NY','#<')],Sf('\202\175\55\180\242\175>\187','\134\198P\220')),ue[Sf('\181\27\191\31','\210z')][Sf('\178=\22\57r\135.\v\tr','\245Xbj\23')](ue[Sf('\181\27\191\31','\210z')],Sf('\204xm\207\225\251}J\200\241\232','\154\17\31\187\148')),ue[Sf('\182\223\188\219','\209\190')][Sf('\254t\n\237\223\203g\23\221\223','\185\17~\190\186')](ue[Sf('\182\223\188\219','\209\190')],Sf('\20^\196\216{\162\202\244\128\50B\194\225o\173\199\218\139\48','B7\182\172\14\195\166\189\238')),ue[Sf('\237\203\134\146\197\203\150\131','\164\165\245\230')][Sf('\16\27\t','~')](Sf('\26\207E\238,\194p\254 ','I\172\55\139'),ue[Sf('\249\214\243\210','\158\183')][Sf('\237z\218\196s\201\206','\189\22\187')][Sf('\190c\221[g\162\96\223Cn\128','\242\f\190:\v')][Sf('\250\\\141\50\56\54\223~\140/\18=','\173=\228F~Y')](ue[Sf('\249\214\243\210','\158\183')][Sf('\237z\218\196s\201\206','\189\22\187')][Sf('\190c\221[g\162\96\223Cn\128','\242\f\190:\v')],Sf('Cs\186Wvm\156[z','\19\31\219.')));Ci[Sf('\145u\178q','\223\20')]=Sf('\180O\144\18DG\176\28D\171|\167\51\48\21\159\6G','\230\25\201Ftp\253s ');Ci[Sf('\234O\22\207\179\165\215i\23\219\186\182','\174&e\191\223\196')]=10;Ci[Sf("\2\56V&E\185\205>6q\'D\185\254",'K_8I7\220\138')]=true;Ci[Sf('[@>\147\220egv=\151\223D','\t%M\246\168*')]=false local Qg=ue[Sf('\136\139\168D\160\139\184U','\193\229\219\48')][Sf('\223\212\198','\177')](Sf('\202\250\237\229\233','\140\136'),Ci);Qg[Sf('\193H\232D','\146!')]=ue[Sf('\175U\147|\200','\250\17')][Sf('\245\254\236','\155')](1,0,1,0);Qg[Sf('\21I\155\t\49O\135\14','E&\232\96')]=ue[Sf('g\23[>\0','2S')][Sf('\235\224\242','\133')](0,0,0,1);Qg[Sf("i\96\20\210\185m\150\169\31\241\'Y\96\25\202\174~\139\185\31\246\n",'+\1w\185\222\31\249\220q\149s')]=1;Qg[Sf('\223\234\18\225\198\4','\133\163|')]=9696;Qg[Sf('y@\190QU\175','8#\202')]=true;Qg[Sf('\128\212\238\237\146\167\208\224\228\148','\211\177\130\136\241')]=true local oh,Tq,Fn,Nq={},{},{[Sf('\231\221\240\31V\238\201\240\19\30','\166\168\132pv')]=0,[Sf('hE\240\243\192\1\129GY\227\253\141)\155',')0\132\156\224L\232')]=0,[Sf('a\252\142\173\56\16\239A\251\158\165y?\229',' \137\250\194\24R\128')]=0,[Sf('$G\23\230S\228\218\b\18$\236\29\202\218','e2c\137s\163\191')]=0,[Sf('\175#\27\53\218\230\135%\a\51\148\199','\238VoZ\250\160')]=0},{[Sf(".Rl\166\131\'Fl\170\203","o\'\24\201\163")]=false,[Sf('\131\252,\143/\n\173\172\224?\129b\"\183','\194\137X\224\15G\196')]=false,[Sf('?\0^\224\163\168\"\31\aN\232\226\135(','~u*\143\131\234M')]=false,[Sf('\228\251~\223\205Hm\200\174M\213\131fm','\165\142\n\176\237\15\b')]=false,[Sf('\152\49B3d\182\176\55^5*\151','\217D6\\D\240')]=false};Lb[Sf(' \176\24\133\220b!\161\19\145\201u\22','r\213v\225\185\16')][Sf('a\208\154L\218\151V','\"\191\244')](Lb[Sf(' \176\24\133\220b!\161\19\145\201u\22','r\213v\225\185\16')],function()local Eu,it,ql,mr,ck,Hi,j,Ol,Vc;mr,ql={},function(Wi,sc,Ai)mr[sc]=Dv(Wi,42890)-Dv(Ai,25771)return mr[sc]end;Ol=mr[2916]or ql(115106,2916,56973)while Ol~=34911 do if Ol<=33762 then if Ol<20449 then if Ol<=13678 then if Ol>8003 then Ol=mr[14453]or ql(6951,14453,20709)continue elseif Ol>=5960 then if Ol>5960 then if oh[Sf('\234k\219\249\48\227\127\219\245x','\171\30\175\150\16')]and oh[Sf('\127K\146\26\214\190\250PW\129\20\155\150\224','>>\230u\246\243\147')]then Ol=mr[-22346]or ql(99780,-22346,53335)continue end Ol=mr[28212]or ql(106019,28212,48986)else if ve(Eu)==Sf('\169\2\191\15\184','\221c')then Ol=mr[12099]or ql(14562,12099,23214)continue end Ol=mr[6327]or ql(117975,6327,52279)end else oh[Sf('$a\146\192\16-u\146\204X','e\20\230\175\48')]=false;oh[Sf('\206\243\150Ro\156\156\225\239\133\\\"\180\134','\143\134\226=O\209\245')]=false;oh[Sf('\212\160c\215N\158\130\244\167s\223\15\177\136','\149\213\23\184n\220\237')]=false;oh[Sf('\185E\252?\152\129\145\149\16\207\53\214\175\145','\248\48\136P\184\198\244')],Ol=false,mr[30345]or ql(118399,30345,6111)end elseif Ol>16675 then Ol,Nq[j]=mr[15062]or ql(68668,15062,53644),oh[j]else if not(oh[j]and not Nq[j])then Ol=mr[-24585]or ql(116111,-24585,64495)continue else Ol=mr[-22722]or ql(91069,-22722,40964)continue end Ol=mr[8959]or ql(27623,8959,27911)end elseif Ol<24931 then if Ol>23228 then Eu,Vc,ck=ue[Sf('\3\144\26\131\0','s\241')](Nq)if ve(Eu)~=Sf('R/\171\246@3\170\251','4Z\197\149')then Ol=mr[-16152]or ql(102774,-16152,42104)continue end Ol=mr[13650]or ql(111390,13650,31406)elseif Ol>20449 then Eu,Vc,ck=Hi[Sf('\16\220\243;\230\232','O\131\154')](Eu);Ol=mr[-21569]or ql(129167,-21569,63727)else Eu,Vc,ck=Ae(Eu);Ol=mr[4037]or ql(101208,4037,21224)end elseif Ol<30249 then if Ol<=24931 then Eu,Vc,ck=Ae(Eu);Ol=mr[-2094]or ql(70364,-2094,38462)else if Fn[Sf("\128,\29+r\137\56\29\':",'\193YiDR')]>Fn[Sf('M\237\197\250\54\142\14b\241\214\244{\166\20','\f\152\177\149\22\195g')]then Ol=mr[-13755]or ql(110870,-13755,5562)continue else Ol=mr[-21494]or ql(102524,-21494,62174)continue end Ol=mr[1169]or ql(123039,1169,36342)end elseif Ol>30249 then if not(oh[Sf('\3\157$\217\156\192+\155\56\223\210\225','B\232P\182\188\134')]and not Nq[Sf('4ya\181\155\24\28\127}\179\213\57','u\f\21\218\187^')])then Ol=mr[-11461]or ql(90707,-11461,44019)continue else Ol=mr[-27988]or ql(35857,-27988,19954)continue end Ol=mr[11177]or ql(96947,11177,33299)else Hi=Ch(Eu)if Hi~=nil and Hi[Sf('\tG}\"}f','V\24\20')]~=nil then Ol=mr[4268]or ql(4465,4268,25189)continue elseif ve(Eu)==Sf('\196\187\210\182\213','\176\218')then Ol=mr[-22727]or ql(62215,-22727,24583)continue end Ol=mr[26951]or ql(69716,26951,42468)end elseif Ol<49857 then if Ol<44345 then if Ol<=42379 then if Ol<=41345 then oh[Sf('>\237\184\212C7\249\184\216\v','\127\152\204\187c')],Ol=false,mr[11148]or ql(52519,11148,26718)else oh[Sf('\129\aG\182\209G\199\174\27T\184\156o\221','\192r3\217\241\n\174')],Ol=false,mr[14556]or ql(11073,14556,19384)end else Eu,Vc,ck=ue[Sf('&\29?\14%','V|')](Fn)if ve(Eu)~=Sf('2]\223\243 A\222\254','T(\177\144')then Ol=mr[21447]or ql(126320,21447,60356)continue end Ol=mr[6014]or ql(105292,6014,7854)end elseif Ol>=45101 then if Ol>45101 then Hi=Ch(Eu)if not(Hi~=nil and Hi[Sf('\v\164\54 \158-','T\251_')]~=nil)then Ol=mr[-74]or ql(5615,-74,65462)continue else Ol=mr[25731]or ql(8806,25731,20379)continue end Ol=mr[23744]or ql(111894,23744,11120)else Eu,Vc,ck=Hi[Sf('+\6\25\0<\2','tYp')](Eu);Ol=mr[-14586]or ql(85632,-14586,38608)end else if oh[Sf('\216\223\134\156\143\233\145\248\216\150\148\206\198\155','\153\170\242\243\175\171\254')]then Ol=mr[5257]or ql(16407,5257,25250)continue end Ol=8003 end elseif Ol>63105 then if Ol<=63119 then j,it=Eu(Vc,ck);ck=j if ck==nil then Ol=mr[-3610]or ql(8809,-3610,13534)else Ol=19020 end else Fn[j],Ol=ue[Sf('\184\195\175\193','\204\170')](),mr[-24798]or ql(111939,-24798,13475)end elseif Ol<58342 then if Ol>49857 then oh[Sf('&\29V\246\51.\234\nHe\252}\0\234','gh\"\153\19i\143')]=false;oh[Sf('\187\57\244s\167\178-\244\127\239','\250L\128\28\135')]=false;oh[Sf('\183\192=N\172YO\152\220.@\225qU','\246\181I!\140\20&')],Ol=false,mr[4667]or ql(9796,4667,1568)else j,it=Eu(Vc,ck);ck=j if ck==nil then Ol=mr[-11019]or ql(112935,-11019,65120)else Ol=mr[-1943]or ql(61913,-1943,29083)end end elseif Ol>58342 then if not((oh[Sf(".}~\237\146\'i~\225\218",'o\b\n\130\178')]and not Nq[Sf('\203)%\175n\194=%\163&','\138\\Q\192N')])or(oh[Sf('a\182\55:-\159\129N\170$4\96\183\155',' \195CU\r\210\232')]and not Nq[Sf('\24\54\138\50\4%\214\55*\153<I\r\204','YC\254]$h\191')])or(oh[Sf('0\151\136\168\135\162\28\28\194\187\162\201\140\28','q\226\252\199\167\229y')]and not Nq[Sf('\142\146\173\50\216a\137\162\199\158\56\150O\137','\207\231\217]\248&\236')])or(oh[Sf('\215\219c$\144\203\144\247\220s,\209\228\154','\150\174\23K\176\137\255')]and not Nq[Sf('\165\2Z\246V\21\245\133\5J\254\23:\255','\228w.\153vW\154')]))then Ol=mr[25862]or ql(108799,25862,1687)continue else Ol=mr[-10226]or ql(121470,-10226,65189)continue end Ol=44345 else oh[Sf('\210C\194\52$\208\250E\222\50j\241','\147\54\182[\4\150')],Ol=false,mr[24125]or ql(104262,24125,59192)end end end);xl[Sf('\162\244;\25\151\234\29\21\155','\242\152Z\96')][Sf('p\232\51\5Yr\228>\fY','3\128Zi=')][Sf('\166\242f\139\248k\145','\229\157\b')](xl[Sf('\162\244;\25\151\234\29\21\155','\242\152Z\96')][Sf('p\232\51\5Yr\228>\fY','3\128Zi=')],function()local Et,an_,ni_,Xn;an_,Xn={},function(Mq,Uu,fv)an_[Uu]=Dv(Mq,41915)-Dv(fv,55687)return an_[Uu]end;ni_=an_[27778]or Xn(80429,27778,17412)while ni_~=35087 do if ni_>53048 then Et=xl[Sf('\176W\138\228\133I\172\232\137','\224;\235\157')][Sf('\b\213\253Ke|Q=\200\208GJyG','N\188\147/#\21#')](xl[Sf('\176W\138\228\133I\172\232\137','\224;\235\157')],Sf('X1\140\147\230\173G\b\177\138\179\244\127','\ng\213\199\214\154'))if Et then ni_=an_[-31269]or Xn(51601,-31269,51781)continue end ni_=53048 elseif ni_<=22120 then Et[Sf('\"\201c\134\170\26\31\239b\146\163\t','f\160\16\246\198{')],ni_=9999,an_[16569]or Xn(105896,16569,46940)else ni_=an_[-2157]or Xn(7440,-2157,60443)continue end end end)local Hm=Ta[Sf('Z3{L%\15\161o.V@\n\n\183','\28Z\21(cf\211')](Ta,Sf('\158!\172\155x\167*\187\135I\186','\223O\216\242='))if not(Hm)then else ue[Sf('\254w\251x','\137\22')](ue[Sf('\\XnFB{','/,\28')][Sf('[\16\19P\30\21','=\127a')](Sf(_l'Li6f3hOR0ni1JetAgpKwJzu/sqWAdPb8OClm+sPnYxSCZxn/smh5+IxahxkW5u9bw5Z+4QLIPev3iTs7ufyEwWj0qzB4evOC+W0OxiYW/7Z6dejCX8w=',_l'fHjGiiOm9QuVZ6wTy7LxUk/QkuPhBpvcEAwV0+OPAmeiBnWN1wkdgaw44g=='),Sf('r]\219\55A\197','\4o\245')));Ci[Sf('\215V\255\231A\227\234','\147\51\140')](Ci)return end ue[Sf('\232}\239w','\156\28')][Sf('\150\190\132\185\139','\229\206')](function()local Nu,ot,fb,Kh,nu;Nu,fb=function(fw,is,Wt)fb[is]=Dv(fw,47846)-Dv(Wt,64472)return fb[is]end,{};ot=fb[18508]or Nu(34203,18508,53874)repeat if ot>=14470 then if ot>=59917 then if ot<61690 then Kh=Ta[Sf('\231\248\245kG=\147\210\229\216gh8\133','\161\145\155\15\1T\225')](Ta,Sf('\174\222\159\133\232\151\213\136\153\217\138','\239\176\235\236\173'))if not Kh then ot=fb[19319]or Nu(60926,19319,57173)continue end ot=11480 elseif ot<=61690 then ue[Sf('\137\160\142\170','\253\193')][Sf('\150\253\136\232','\225\156')](0.016666666666666666);ot=fb[28052]or Nu(112645,28052,5832)else if Ci then ot=fb[20187]or Nu(101506,20187,1542)continue end ot=40047 end elseif ot<=14470 then Ci[Sf('\219\203\198\235\220\218\230','\159\174\181')](Ci);ot=fb[31023]or Nu(127853,31023,22212)else Ci=ue[Sf('#\204\169E\v\204\185T','j\162\218\49')][Sf('QZH','?')](Sf('\238V7%\216[\2\53\212','\189\53E@'),ue[Sf('\5Z\15^','b;')][Sf('-\173\191\4\164\172\14','}\193\222')][Sf('[9U\198yG:W\222pe','\23V6\167\21')][Sf('\223\182\234\248h9\250\148\235\229B2','\136\215\131\140.V')](ue[Sf('\5Z\15^','b;')][Sf('-\173\191\4\164\172\14','}\193\222')][Sf('[9U\198yG:W\222pe','\23V6\167\21')],Sf('\159iO\222\170wi\210\166','\207\5.\167')));Ci[Sf('RFqB',"\28\'")]=Sf('\174G\v\227@\185\6\4\b\177t<\194\52\235)\30\v','\252\17R\183p\142Kkl');Ci[Sf('\139.\255\231\180\167\182\b\254\243\189\180','\207G\140\151\216\198')]=10;Ci[Sf('w\253:zZ|\155K\243\29{[|\168','>\154T\21(\25\220')]=true;Ci[Sf('E\175\51\225\50\164y\153\48\229\49\133','\23\202@\132F\235')]=false;nu=ue[Sf('\248{\26\52\208{\n%','\177\21i@')][Sf('\5\14\28','k')](Sf('\225\159\198\128\194','\167\237'),Ci);nu[Sf('F5o9','\21\\')]=ue[Sf('c\232_\193\4','6\172')][Sf('\1\n\24','o')](1,0,1,0);nu[Sf('\171\193%\154\143\199\57\157','\251\174V\243')]=ue[Sf('\231\237\219\196\128','\178\169')][Sf('\134\141\159','\232')](0,0,0,1);nu[Sf('\164\f(\142\135\r\145d\187\31\129\148\f%\150\144\30\140t\187\24\172','\230mK\229\224\127\254\17\213{\213')]=1;nu[Sf('hH\180Vd\162','2\1\218')]=9696;nu[Sf('8\127\51\16j\"','y\28G')]=true;nu[Sf('(\232\227\135J\15\236\237\142L','{\141\143\226)')],ot=true,fb[1804]or Nu(18699,1804,63787)end elseif ot<=11480 then if ot<=6160 then if ot>5587 then ot=fb[-2527]or Nu(9504,-2527,30221)continue else if not oh[Sf('z\4\133\175q\30\159\169y','=Q\204\236')]then ot=59917 else ot=6160 end end else Ci=xl[Sf('-\238\241\f\17\233\b\204\240\17;\226','z\143\152xW\134')](xl,Sf('\235\56\178\170\222&\148\166\210','\187T\211\211'))[Sf('i\28p\194 \253\15\\\1]\206\15\248\25','/u\30\166f\148}')](xl[Sf('-\238\241\f\17\233\b\204\240\17;\226','z\143\152xW\134')](xl,Sf('\235\56\178\170\222&\148\166\210','\187T\211\211')),Sf('\208\154\220{\216/y,;\207\169\235Z\172}V68','\130\204\133/\232\24\52C_'))if not Ci or not Ci[Sf('\229\248\v\155\236\173\f\217\246,\154\237\173?','\172\159e\244\158\200K')]or not Ci[Sf("\209\'\228\246%\224\240",'\148I\133')]or Ci[Sf('qL\16\180 YMz\19\176#x','#)c\209T\22')]or Ci[Sf('UV\t\188\231Zhp\b\168\238I','\17?z\204\139;')]~=10 or not Ci[Sf('\179\207\215aa\165\53\134\210\250mN\160#',"\245\166\185\5\'\204G")](Ci,Sf('\237\249\202\230\206','\171\139'))or not Ci[Sf('\159\210\17\228\56\130\48\170\207<\232\23\135&','\217\187\127\128~\235B')](Ci,Sf('[Z|Ex','\29('))[Sf('\16\139;8\158*','Q\232O')]or not Ci[Sf('\162\2\18Hg7n\151\31?DH2x','\228k|,!^\28')](Ci,Sf('\149\207\178\208\182','\211\189'))[Sf('X\205\201g\198\214k','\14\164\186')]or Ci[Sf('\219\227\249\52=K\144\238\254\212\56\18N\134','\157\138\151P{\"\226')](Ci,Sf('\170\145\141\142\137','\236\227'))[Sf('\190\246\151\250','\237\159')]~=ue[Sf('\3E?ld','V\1')][Sf('\170\161\179','\196')](1,0,1,0)or Ci[Sf(';%\148\245>\236\214\14\56\185\249\17\233\192','}L\250\145x\133\164')](Ci,Sf('\154\209\189\206\185','\220\163'))[Sf('\v>\181\174/8\169\169','[Q\198\199')]~=ue[Sf('\208\255\236\214\183','\133\187')][Sf(' +9','N')](0,0,0,1)then ot=fb[4789]or Nu(93464,4789,10076)continue end ot=fb[1197]or Nu(95564,1197,9576)end else nu=ue[Sf('\2\177(\136*\177\56\153','K\223[\252')][Sf('\150\157\143','\248')](Sf('\6\149\127\141\18\155|\148!','D\250\16\225'));nu[Sf('\211\b\240\f','\157i')]=Sf('\169\179\236\26\190\144\184\251\6\143\141','\232\221\152s\251');ot,nu[Sf('2\221\183\a\210\177','b\188\197')]=fb[10555]or Nu(22174,10555,17528),Ta end until ot==4593 end)local rk,Hg,Ml,Ms,Pk,ob,dc,Be,es,hg,vd,st=Sf("\159\156\228\225\238O\146\219(u\242\219(-\131\146\135\216\219\171\'\158\252\27R\210\234\2\49\184",'\205\202\189\181\222x\205\153o&\187\132eB\231')..xl[Sf('\221\53\254\49','\147T')]..Sf('r%/ 2','\\O'),Sf('v\148ki\156T\156$#\219',':\251\n\r\245'),Sf('\224\168\182\168\171\194\160\249\226\236','\172\199\215\204\194'),{[Sf('\225\164\3q\247\204\235+{\255','\162\203n\28\152')]={[Sf('\140\54\167!\177','\195D')]=1,[Sf(')\176\\\176\r\182@\183','y\223/\217')]=ue[Sf('95\25\27\30\14','zsk')][Sf('\252\247\229','\146')](-4.0635209100000003,9.2982025099999994,-79.875190700000005,-0.00064392638199999995,-2.59428134e-07,0.99999982099999996,2.5959559499999998e-07,1,2.59595367e-07,-0.99999982099999996,2.5976268599999999e-07,-0.00064392638199999995),[Sf('\228h\212s','\167\a')]=10,[Sf('\208H\216v\237\202\240D\254}\248\193','\147=\170\4\136\164')]=Sf('\148\180\190\181\164','\215\219')},[Sf('v\2I\a@@\22\6\54SB','%r&s4')]={[Sf('q\143Z\152L','>\253')]=2,[Sf('\149\180\215\131\177\178\203\132','\197\219\164\234')]=ue[Sf('Z\161Jx\138]','\25\231\56')][Sf('\146\153\139','\252')](-4.0564684900000003,9.2982025099999994,-68.873893699999996,-0.00064401462400000005,-2.59428134e-07,0.99999982099999996,2.5959542399999999e-07,1,2.59595367e-07,-0.99999982099999996,2.5976254400000001e-07,-0.00064401462400000005),[Sf('\4%4>','GJ')]=110,[Sf('\145\233\237:\"{\177\229\203\49\55p','\210\156\159HG\21')]=Sf('@\155j\154p','\3\244')},[Sf('\232{\164\218\57\216\211|\225\236\54\222','\161\24\193\169Q\185')]={[Sf('\166\255\141\232\155','\233\141')]=3,[Sf(',\182\236=\b\176\240:','|\217\159T')]=ue[Sf('\129\162?\163\137(','\194\228M')][Sf('\208\219\201','\190')](-4.0494179700000004,9.2982025099999994,-57.873680100000001,-0.00064421631400000002,2.59428049e-07,0.99999982099999996,-2.5959548099999999e-07,1,-2.59595339e-07,-0.99999982099999996,-2.5976268599999999e-07,-0.00064421631400000002),[Sf('\156\53\172.','\223Z')]=450,[Sf('\182H;\21J\25\150D\29\30_\18','\245=Ig/w')]=Sf("\r\186\'\187=",'N\213')},[Sf('\233SX\6\231\195\3t\n\229','\186#1m\130')]={[Sf('k\140@\155V','$\254')]=4,[Sf('D|\a\53\96z\27\50','\20\19t\\')]=ue[Sf('\180\54\140\150\29\155','\247p\254')][Sf('\161\170\184','\207')](-6.8240132300000003,422.91009500000001,156.919388,-0.99613833399999996,2.8138475699999999e-07,-0.087797544899999996,2.59595367e-07,1,2.5959553799999998e-07,0.087797544899999996,2.35801238e-07,-0.99613833399999996),[Sf('\168\150\152\141','\235\249')]=5000,[Sf('<A$S\221\250\28M\2X\200\241','\127\52V!\184\148')]=Sf('\244}\222|\196','\183\18')},[Sf('\145\138\182\50\189\203\148\56\187','\220\235\209_')]={[Sf('g\2L\21Z','(p')]=5,[Sf("\252\212\'O\216\210;H",'\172\187T&')]=ue[Sf('\199\192\152\229\235\143','\132\134\234')][Sf('P[I','>')](-16.718771,2665.16455,8.2902631800000002,-0.00404130854,3.3201567099999999e-38,0.99999183400000002,-1.8905628e-38,1,-3.3278243300000001e-38,-0.99999183400000002,-1.90399607e-38,-0.00404130854),[Sf(';\167\v\188','x\200')]=15000,[Sf('\204\27C\133\53y\236\23e\142 r','\143n1\247P\23')]=Sf('o\144E\145_',',\255')},[Sf(':/bnG\24\49;XT\30','y]\27\29\51')]={[Sf('\0S+D=','O!')]=6,[Sf('\198\136\241\177\226\142\237\182','\150\231\130\216')]=ue[Sf('\21\207<7\228+','V\137N')][Sf('\170\161\179','\196')](-16.676975299999999,2665.16455,18.665229799999999,-0.0040414277499999998,0,0.99999183400000002,0,1,0,-0.99999183400000002,0,-0.0040414277499999998),[Sf('l&\\=','/I')]=75000,[Sf('Sf\145\203\249\186sj\183\192\236\177','\16\19\227\185\156\212')]=Sf('d-N,T',"\'B")},[Sf('\138\201\231\15\180\156\204\t\161','\198\188\137n')]={[Sf('~TUCC','1&')]=7,[Sf('|\142\53VX\136)Q',',\225F?')]=ue[Sf('R\t\175p\"\184','\17O\221')][Sf('\232\227\241','\134')](-56.853240999999997,6862.5820299999996,80.575447100000005,0.99999928500000002,2.5990797800000003e-07,0.00120420242,-2.5959556599999998e-07,1,-2.5959550999999999e-07,-0.00120420242,2.5928269999999998e-07,0.99999928500000002),[Sf('\164\180\148\175','\231\219')]=100000,[Sf('\226\140\240\153\175\160\194\128\214\146\186\171','\161\249\130\235\202\206')]=Sf('\144!\186 \160','\211N')},[Sf('FG\185\"\48m\183!','\16(\208F')]={[Sf('b\153I\142_','-\235')]=8,[Sf('\187\24)\156\159\30\53\155','\235wZ\245')]=ue[Sf('NN2le%','\r\b@')][Sf('xsa','\22')](4.4434676199999998,10147.8027,186.87919600000001,-0.609629333,3.6403494600000001e-07,-0.79268664099999997,2.5959545299999999e-07,1,2.5959559499999998e-07,0.79268664099999997,-4.7520771300000001e-08,-0.609629333),[Sf('\166a\150z','\229\14')]=175000,[Sf('\"\152\242\210\151\229\2\148\212\217\130\238','a\237\128\160\242\139')]=Sf('\179\190\153\191\131','\240\209')},[Sf('Js\216J\"S\211A','\2\22\180&')]={[Sf('\222@\245W\227','\145\50')]=9,[Sf('\181\174\54\166\145\168*\161','\229\193E\207')]=ue[Sf('\222\157\224\252\182\247','\157\219\146')][Sf('FM_','(')](-6.2800021199999998,10147.8027,191.65692100000001,-0.99130147700000004,-2.2317172499999999e-07,0.131610751,-2.59595367e-07,1,-2.5959542399999999e-07,-0.131610751,-2.9150288600000002e-07,-0.99130147700000004),[Sf('gxWc','$\23')]=300000,[Sf('\220\169\22\161\179;\252\165\48\170\166\48','\159\220d\211\214U')]=Sf('\226\188\200\189\210','\161\211')},[Sf('\251\138\129\"\193?\212\145\131j\240\53\210','\181\227\230J\181R')]={[Sf('CChT~','\f\49')]=10,[Sf('J\27\234\206n\29\246\201','\26t\153\167')]=ue[Sf('\250\151P\216\188G','\185\209\"')][Sf('\16\27\t','~')](-15.9982901,10147.8027,185.164795,-0.40573734,3.4259502999999998e-07,0.91398972300000003,2.5959545299999999e-07,1,-2.59595339e-07,-0.91398972300000003,1.3194005499999999e-07,-0.40573734),[Sf('\149$\165?','\214K')]=900000,[Sf('lX%a\143\160LT\3j\154\171','/-W\19\234\206')]=Sf('\192\165\234\164\240','\131\202')},[Sf('\198\227\180^f\251\245\253uc\243','\148\130\221\48\4')]={[Sf('&L\r[\27','i>')]=11,[Sf(':%bI\30#~N','jJ\17 ')]=ue[Sf('E\254Mg\213Z','\6\184?')][Sf('K@R','%')](-35.576030699999997,15972.4229,43.764083900000003,-0.96547520200000003,1.83009519e-07,0.26049497700000002,2.59595396e-07,1,2.5959573700000002e-07,-0.26049497700000002,3.1825655399999999e-07,-0.96547520200000003),[Sf('\209\179\225\168','\146\220')]=1500000,[Sf("P\'\131\241\196*p+\165\250\209!",'\19R\241\131\161D')]=Sf('(T\2U\24','k;')},[Sf('\198d\247\178M\244b\184\128G\242','\149\f\152\197 ')]={[Sf('\31/48\"','P]')]=12,[Sf('xdt\197\\bh\194','(\v\a\172')]=ue[Sf('\210i\238\240B\249','\145/\156')][Sf('P[I','>')](9940.3115199999993,26.8970299,209.978363,-0.69887876500000001,-3.6709877800000001e-07,-0.71524018,-2.5959531100000001e-07,1,-2.5959548099999999e-07,0.71524018,4.2472350100000002e-09,-0.69887876500000001),[Sf('0\155\0\128','s\244')]=1000,[Sf('V\131\187XC\22v\143\157SV\29','\21\246\201*&x')]=Sf('\22D1)H&1','B-R')},[Sf('\170\200V\239\231\128\129}\225\238','\231\161\56\134\137')]={[Sf('\31\50\52%\"','P@')]=13,[Sf('\202cAb\238e]e','\154\f\50\v')]=ue[Sf('T\t\240v\"\231','\23O\130')][Sf('\155\144\130','\245')](9918.5390599999992,7682.0449200000003,242.783905,-0.32808327700000001,3.3039546600000001e-07,-0.94464880200000001,2.5959556599999998e-07,1,2.59595396e-07,0.94464880200000001,-1.6005773799999999e-07,-0.32808327700000001),[Sf('\168|\152g','\235\19')]=120000,[Sf('\128\195\4n5\219\160\207\"e \208','\195\182v\28P\181')]=Sf('\15\171\\\48\167K(','[\194?')},[Sf('\143\1.\209\190X\t\211\171','\204xL\180')]={[Sf('\130\140\169\155\191','\205\254')]=14,[Sf('\220\184\"\237\248\190>\234','\140\215Q\132')]=ue[Sf('l\185\29N\146\n','/\255o')][Sf('mft','\3')](9913.4882799999996,13410.247100000001,242.496567,0.00606069295,2.58017394e-07,-0.99998164199999995,2.5959550999999999e-07,1,2.5959548099999999e-07,0.99998164199999995,-2.6116404700000001e-07,0.00606069295),[Sf('\n\148:\143','I\251')]=450000,[Sf('}\237\131ps-]\225\165{f&','>\152\241\2\22C')]=Sf('\n\178V5\190A-','^\219\53')},[Sf(':\232V!T\200^(','t\141\57O')]={[Sf('d\23O\0Y','+e')]=15,[Sf('\202I1Z\238O-]','\154&B3')]=ue[Sf('\19<\15\49\23\24','Pz}')][Sf('\139\128\146','\229')](9883.4736300000004,20089.773399999998,260.44686899999999,-0.99999922500000005,2.5926962599999998e-07,0.0012535946400000001,2.5959525400000001e-07,1,2.5959548099999999e-07,-0.0012535946400000001,2.59920711e-07,-0.99999922500000005),[Sf('\225h\209s','\162\a')]=1300000,[Sf('D\162\136\t$\bd\174\174\2\49\3','\a\215\250{Af')]=Sf('\247\172\149\200\160\130\208','\163\197\246')},[Sf('\153s\178\240U\172\183','\208\16\203')]={[Sf('\143\154\164\141\178','\192\232')]=16,[Sf('I\231C\187m\225_\188','\25\136\48\210')]=ue[Sf('\170\51\148\136\24\131','\233u\230')][Sf('(#1','F')](-21428.1777,7.1648092300000004,-100876.719,-0.99657601100000004,2.3724311399999999e-07,-0.082681402599999995,2.5959570800000002e-07,1,-2.5959579400000001e-07,0.082681402599999995,-2.8017066699999998e-07,-0.99657601100000004),[Sf('\145\173\161\182','\210\194')]=25,[Sf('\138y\28R\158X\170u:Y\139S','\201\fn \251\54')]=Sf('\175T\25\141]\v','\255\49x')},[Sf('\4\191\175\172r\147\166\174','R\214\193\201')]={[Sf('\131j\168}\190','\204\24')]=17,[Sf('<k\187v\24m\167q','l\4\200\31')]=ue[Sf('R5\27p\30\f','\17si')][Sf('\31\20\6','q')](-19303.25,7.3095459900000002,18899.9277,-0.84210872699999995,0,-0.53930777299999999,0,1,0,0.53930777299999999,0,-0.84210872699999995),[Sf('g\179W\168','$\220')]=250,[Sf('\245\154\232\20\15P\213\150\206\31\26[','\182\239\154fj>')]=Sf('o\a:M\14(','?b[')},[Sf('\133\131\208\19\233\167\193\21','\201\226\166r')]={[Sf('\210\156\249\139\239','\157\238')]=18,[Sf('\152\54\212\220\188\48\200\219','\200Y\167\181')]=ue[Sf('\207\54\178\237\29\165','\140p\192')][Sf('\130\137\155','\236')](-71.781456000000006,12.810639399999999,15.9462814,-0.74431115400000003,-3.6658599399999998e-07,-0.66783297100000005,-2.59595396e-07,1,-2.5959522500000001e-07,0.66783297100000005,-1.9853251500000002e-08,-0.74431115400000003),[Sf('\147)\163\50','\208F')]=750,[Sf('f\169D\134^\236F\165b\141K\231','%\220\54\244;\130')]=Sf('\134@;\164I)','\214%Z')},[Sf("p\1\'\189\205\tX\6k\153\196\26",'1uK\220\163}')]={[Sf('\b\15#\24\53','G}')]=19,[Sf('c\129\170\238G\135\182\233','3\238\217\135')]=ue[Sf('\235\146\"\201\185\53','\168\212P')][Sf('W\\N','9')](-13945.968800000001,13.0212469,-20255.3125,-0.99999988100000003,0,-0.00054350309100000005,0,1,0,0.00054350309100000005,0,-0.99999988100000003),[Sf('\16\53 .','SZ')]=1000,[Sf('\223\152)\142\129\222\255\148\15\133\148\213','\156\237[\252\228\176')]=Sf('\252\140\168\222\133\186','\172\233\201')},[Sf("\191a\227\17\168\149n\162\'\188\155",'\252\r\130b\219')]={[Sf('\t\146\"\133\52','F\224')]=20,[Sf('\28\168\220\198\56\174\192\193','L\199\175\175')]=ue[Sf('\167\55\173\133\28\186','\228q\223')][Sf('.%7','@')](-41511.468800000002,9.0661134699999995,-20492.037100000001,-0.99999558899999996,-9.9326969199999996e-16,-0.00297134626,-9.9526710099999995e-16,1,6.7075130900000004e-16,0.00297134626,6.7370560099999998e-16,-0.99999558899999996),[Sf('m$]?','.K')]=2000,[Sf('n\169\16\49t!N\165\54:a*','-\220bC\17O')]=Sf('\195x\31\225q\r','\147\29~')},[Sf('\167)\189\227\144\128l\155\246\146','\244L\222\145\245')]={[Sf('\218\180\241\163\231','\149\198')]=21,[Sf('<\210\240\152\24\212\236\159','l\189\131\241')]=ue[Sf('\131:\185\161\17\174','\192|\203')][Sf('\17\26\b','\127')](-19442.830099999999,9.6145324700000003,18836.921900000001,0.92368370300000002,0,0.383155882,0,1,0,-0.383155882,0,0.92368370300000002),[Sf('!\251\17\224','b\148')]=1,[Sf('ad]\135\172\134Ah{\140\185\141','\"\17/\245\201\232')]=Sf('\160J\138K\144','\227%')},[Sf('\16u\30R#l-bX~*b','Y\27x;M\5')]={[Sf('7\181\28\162\n','x\199')]=22,[Sf('\201\234\250\209\237\236\230\214','\153\133\137\184')]=ue[Sf('\132\"\130\166\t\149','\199d\240')][Sf('\200\195\209','\166')](-94.912666299999998,8.2981948899999995,-26.949325600000002,0.000889187853,2.5936444099999998e-07,0.99999958300000003,2.5959556599999998e-07,1,-2.59595367e-07,-0.99999958300000003,2.5982629400000002e-07,0.000889187853),[Sf('\5\b\53\19','Fg')]=0,[Sf('\250\30\243\222\25\217\218\18\213\213\f\210','\185k\129\172|\183')]=Sf('\162\195\173','\236')},[Sf('\n\242\152\28\177?\247\209\55\162=','Z\147\241r\197')]={[Sf('5K\30\\\b','z9')]=23,[Sf('+9h\237\15?t\234','{V\27\132')]=ue[Sf('\21w\192\55\\\215','V1\178')][Sf('83!','V')](209.42854299999999,21.135656399999998,3132.4709499999999,-0.99275690299999997,2.8890295300000002e-07,-0.12014045600000001,2.5959531100000001e-07,1,2.5959548099999999e-07,0.12014045600000001,2.26527291e-07,-0.99275690299999997),[Sf('\227\51\211(','\160\\')]=25,[Sf('R\147\217J\175\172r\159\255A\186\167','\17\230\171\56\202\194')]=Sf('\171p+r\230\21\155\155t<y\252V\129','\238\6N\28\146\53\248')},[Sf('x\171f\222\187N\234P\210\185',':\202\21\181\222')]={[Sf('\28,7;!','S^')]=24,[Sf('\26\49\17\30>7\r\25','J^bw')]=ue[Sf('\15\251\189-\208\170','L\189\207')][Sf('\141\134\148','\227')](199.386169,21.135656399999998,3133.67578,-0.99275690299999997,2.8890298200000002e-07,-0.12014045600000001,2.59595339e-07,1,2.5959542399999999e-07,0.12014045600000001,2.26527263e-07,-0.99275690299999997),[Sf('$\254\20\229','g\145')]=500,[Sf('}\180\255\26&h]\184\217\17\51c','>\193\141hC\6')]=Sf('W\172pNc\245\254g\168gEy\182\228','\18\218\21 \23\213\157')},[Sf('N\240\244P\148n4\26~\255\233]\209Ys?','\v\145\135$\241\28\20X')]={[Sf('vC]TK','91')]=25,[Sf('#\213\151\139\a\211\139\140','s\186\228\226')]=ue[Sf('\178\218\237\144\241\250','\241\156\159')][Sf('QZH','?')](188.800049,21.135656399999998,3134.9265099999998,-0.99275690299999997,2.8890298200000002e-07,-0.12014045600000001,2.59595367e-07,1,2.59595396e-07,0.12014045600000001,2.2652722e-07,-0.99275690299999997),[Sf('\4\146\52\137','G\253')]=2500,[Sf('\137w\197\156<V\169{\227\151)]','\202\2\183\238Y8')]=Sf('\6\31_\171\24_S6\27H\160\2\28I','Ci:\197l\127\48')},[Sf('\180\154\52\153\148,\144\134u\170\150%','\252\255U\239\241B')]={[Sf('S&x1n','\28T')]=26,[Sf(')m\127\136\rkc\143','y\2\f\225')]=ue[Sf('\192II\226b^','\131\15;')][Sf('\188\183\165','\210')](179.20648199999999,21.135656399999998,3136.0595699999999,-0.99275690299999997,2.8890295300000002e-07,-0.12014045600000001,2.5959531100000001e-07,1,2.5959545299999999e-07,0.12014045600000001,2.26527263e-07,-0.99275690299999997),[Sf("T<d\'",'\23S')]=7500,[Sf('A\156&\158\221\199a\144\0\149\200\204','\2\233T\236\184\169')]=Sf('\168\180\192\200%\18\176\152\176\215\195?Q\170','\237\194\165\166Q2\211')},[Sf('\28b\244\24\193\130\51.m\232\b\151\162&:',']\f\154q\183\231A')]={[Sf('R\17y\6o','\29c')]=27,[Sf('\227\240\223:\199\246\195=','\179\159\172S')]=ue[Sf('\4\50p&\25g','Gt\2')][Sf('\140\135\149','\226')](2444.7214399999998,3161.02612,852.37481700000001,-0.58069765600000001,0,-0.81411927900000003,0,1,0,0.81411927900000003,0,-0.58069765600000001),[Sf('\235\226\219\249','\168\141')]=415,[Sf('\253\222\156\134i@\221\210\186\141|K','\190\171\238\244\f.')]=Sf('\23\229=\243','P\128')}},{[Sf('\243\195\206\185\147\253\194\217\220\246\174\231\195','\167\171\171\153\220\139')]={[Sf('>{\21l\3','q\t')]=1},[Sf('\208\243\235\141\21\251\135o\189\202\228\150\19\254\131y\248','\157\154\133\228r\154\234\n')]={[Sf('\221e\246r\224','\146\23')]=2},[Sf('\31\fs\162\49l:\96\166,','Li\5\199_')]={[Sf('\132\31\175\b\185','\203m')]=3}},{[Sf('i\161\164\233\171\173Hia\192\195C\189\167\244\229\129Py6\250\212',' \207\194\128\197\196<\16N\147\166')]={[Sf('\169\249\130\238\148','\230\139')]=1,[Sf('\213e\253o\249','\156\b')]=Sf('\222K\221e\157\248\170\223\147_{o8\155\27\145<\214\185\247\154\205\3qx\"\154','\172)\165\4\238\139\207\171\250;A@\23')},[Sf('\157Q\180\175J\157K\185\161\25','\207$\218\202j')]={[Sf('\210\145\249\134\239','\157\227')]=2,[Sf('\204\228\228\238\224','\133\137')]=Sf('\220/\251\16\222\240\a\21 \222\221\130\130\151|\187D\157\183ZPq\136\215\153\159\153','\174M\131q\173\131baI\186\231\173\173')},[Sf('\251\tF\133\135\193+\235\19^\146\156\215g',"\168a\'\225\232\182\v")]={[Sf('\217\184\242\175\228','\150\202')]=3,[Sf('\a\159/\149+','N\242')]=Sf("e\235\225\142\165\183W\136*n\210uD<\'\189\175\216\226\242\3\203{:\208nX5",'\23\137\153\239\214\196\50\252C\n\232Zk\r')},[Sf('\231\135\205\14\171\131\166\192\14\180\199','\163\245\168o\198')]={[Sf('\19n8y.','\\\28')]=4,[Sf('\241\a\217\r\221','\184j')]=Sf('EZ\189\206\217\188A\195V\237\228\b\50\55\5\1\246\150\154\248\21\143\f\185\235\31->',"78\197\175\170\207$\183?\137\222\'\29\6")},[Sf('\244RI\21v\14\244\193AK\29}@\198','\179 ,p\24.\178')]={[Sf('9\133\18\146\4','v\247')]=5,[Sf('\24V0\\\52','Q;')]=Sf('\185\143\178\235\172\187 &\200\222\211X\"\195\251\217\255\191\232\253pk\144\137\221G?\192','\203\237\202\138\223\200ER\161\186\233w\r\242')}},{[Sf('E\0{\96X\4{#}','\21e\15@')]={[Sf('\235\206\192\217\214','\164\188')]=1,[Sf('>\190\222\129\26\184\194\134','n\209\173\232')]=ue[Sf('_\171\208}\128\199','\28\237\162')][Sf('(#1','F')](9909.4902299999994,2907.40771,225.727768,-0.99770516200000003,2.7657637199999997e-07,-0.067708164500000001,2.59595367e-07,1,2.5959545299999999e-07,0.067708164500000001,2.4142301000000001e-07,-0.99770516200000003),[Sf('\190\236\142\247','\253\131')]=5000},[Sf('\250\218\152\232\192\252\200\137\253\144\220','\185\187\234\156\224')]={[Sf('u\231^\240H',':\149')]=2,[Sf('\177\243\191\199\149\245\163\192','\225\156\204\174')]=ue[Sf('\tQ\159+z\136','J\23\237')][Sf('\200\195\209','\166')](9901.24316,7681.2260699999997,254.462311,-0.955711961,-3.24498387e-07,0.29430365600000002,-2.5959542399999999e-07,1,2.5959559499999998e-07,-0.29430365600000002,1.7169873000000001e-07,-0.955711961),[Sf('q^AE','21')]=200000},[Sf('\145\201G\240b\227\229I\254a','\195\166%\159\22')]={[Sf(',\148\a\131\17','c\230')]=3,[Sf('>{\18.\26}\14)','n\20aG')]=ue[Sf('\194\22\49\224=&','\129PC')][Sf('JAS','$')](9888.1279300000006,13409.247100000001,261.94576999999998,-0.99999755599999995,-2.6017173100000001e-07,0.0022217128399999999,-2.5959562300000003e-07,1,2.5959553799999998e-07,-0.0022217128399999999,2.5901815100000002e-07,-0.99999755599999995),[Sf('\129!\177:','\194N')]=2500000},[Sf('\180I\127\150\5\220tn\129\3\143','\252\48\15\243w')]={[Sf('\156\236\183\251\161','\211\158')]=4,[Sf('\0\190\24B$\184\4E','P\209k+')]=ue[Sf('v\5\54T.!','5CD')][Sf('en|','\v')](9860.1914099999995,20089.099600000001,254.75614899999999,-0.76200717699999998,3.6591973200000002e-07,0.64756858299999998,2.5959570800000002e-07,1,-2.5959556599999998e-07,-0.64756858299999998,-2.9707671000000001e-08,-0.76200717699999998),[Sf('\t\230\57\253','J\137')]=5000000}},{[Sf('4\153\2\129','q\248')]={[Sf('\21P>G(','Z\"')]=1},[Sf('x\162?\\\178\54','5\199[')]={[Sf('$\235\15\252\25','k\153')]=2},[Sf('\243\213\201\208','\187\180')]={[Sf('\5\167.\176\56','J\213')]=3},[Sf('\243\211\144\219\211\134','\186\189\227')]={[Sf('uL^[H',':>')]=4}},{[Sf('\151\131V\207\130\132C\138','\214\237/\239')]={[Sf('\18\248\57\239/',']\138')]=1,[Sf('\161d\137n\141','\232\t')]=Sf('\145\0\154\177\147\178<\151\v\134\234\207\238i','\227b\226\208\224\193Y')},[Sf("\173\178\5\233\57c:\157\252&\236>r\'\150",'\228\220c\128W\nN')]={[Sf('\18]9J/',']/')]=3,[Sf('\f\96$j ','E\r')]=Sf("\182c\250Q+_\"b\131\224s\a\192\243\51\182\b\96\30\127\'\221\188y\16\218\242",'\196\1\130\48X,G\22\234\132I(\239')}},{[Sf('Z','j')]={[Sf('?\208\20\199\2','p\162')]=1},[Sf('\240','\193')]={[Sf("h0C\'U","\'B")]=2},[Sf('U','g')]={[Sf('\193\231\234\240\252','\142\149')]=3},[Sf('\162','\145')]={[Sf('\189\248\150\239\128','\242\138')]=4},[Sf('\165','\145')]={[Sf('\230\141\205\154\219','\169\255')]=5},[Sf('/','\26')]={[Sf('{\159P\136F','4\237')]=6}},{[Sf('\178\25 \181+\152I\f\185)','\225iI\222N')]={[Sf('\176\206\149\205\131','\231\161')]=Sf('%\17\49\234\165\247\20\v#\165\152\237\21','qyT\202\234\129')},[Sf('\185H62\149\t\20\56\147','\244)Q_')]={[Sf('7\96\18c\4','\96\15')]=Sf('\154\190\22\171\198\143\171\164\4\228\251\149\170','\206\214s\139\137\249')},[Sf('e%\235\243(G;\178\197;A','&W\146\128\\')]={[Sf('\223K\250H\236','\136$')]=Sf('\139\250\57\23\148\192\186\224+X\169\218\187','\223\146\\\55\219\182')},[Sf('H\249\b\161v\172#\167c','\4\140f\192')]={[Sf('\222\192\251\195\237','\137\175')]=Sf('n\161a\20|\148_\187s[A\142^',':\201\4\52\51\226')},[Sf('\146\n\232\f\228 \230\15','\196e\129h')]={[Sf('\205\96\232c\254','\154\15')]=Sf('\162\186\30\195/\181\147\160\f\140\18\175\146','\246\210{\227\96\195')},[Sf('J\186\54W\"\154=\\','\2\223Z;')]={[Sf('&\t\3\n\21','qf')]=Sf(')\2{\175\55\169\24\24i\224\n\179\25','}j\30\143x\223')},[Sf('\185\139\15\249\220\170\150\144\r\177\237\160\144','\247\226h\145\168\199')]={[Sf('\226\251\199\248\209','\181\148')]=Sf('\220\170l<[\23\237\176~sf\r\236','\136\194\t\28\20a')},[Sf('b\157\199u@_\139\142^EW','0\252\174\27\"')]={[Sf('\217\238\252\237\234','\142\129')]=Sf('\130\146T7:$\179\136Fx\a>\178','\214\250\49\23uR')},[Sf('V\199\139s\205|\142\160}\196','\27\174\229\26\163')]={[Sf('o\202J\201\\','8\165')]=Sf('#e\157\56\191\247\53\226N\\\146#\185\242\49\244\v','n\f\243Q\216\150X\135')},[Sf('\239\177.\147\222\232\t\145\203','\172\200L\246')]={[Sf('\141:\168\57\190','\218U')]=Sf('wu:\162\29\17\196\2\26L5\185\27\20\192\20_',':\28T\203zp\169g')},[Sf('\230\254\246\212\136\222\254\221','\168\155\153\186')]={[Sf('\131p\166s\176','\212\31')]=Sf('\163\205\27\226\134\173\201\r\206\244\20\249\128\168\205\27\139','\238\164u\139\225\204\164h')}},{[Sf('\189\197V7\15\206\243E3\18','\238\160 Ra')]={[Sf('\145[\254\231\181]\226\224','\193\52\141\142')]=ue[Sf('\171\160%\137\139\50','\232\230W')][Sf('\173\166\180','\195')](-23651.472699999998,8.5398168600000002,-160.89967300000001,1,-2.5959559499999998e-07,4.0450288500000003e-08,2.5959562300000003e-07,1,-2.5959550999999999e-07,-4.0450224500000002e-08,2.5959550999999999e-07,1)},[Sf('-R\133Q\163\207m\v\30\164B\181\194l','o>\236+\217\174\31')]={[Sf('\237\172\219F\201\170\199A','\189\195\168/')]=ue[Sf('\183}c\149Vt','\244;\17')][Sf('\249\242\224','\151')](-21381.169900000001,7.5563092200000002,-101000.164,0.99782150999999997,4.5022431000000003e-21,-0.065971672499999995,-5.5452338400000001e-21,1,-1.5626563000000001e-20,0.065971672499999995,1.5958348e-20,0.99782150999999997)},[Sf('\fP\6\21\144\152|u\26\b\152\154\57','\\?of\255\246')]={[Sf('\5\220\185\148!\218\165\147','U\179\202\253')]=ue[Sf('\244\170U\214\129B',"\183\236\'")][Sf('\167\172\190','\201')](-19279.666000000001,7.8945059799999999,18679.796900000001,0.99999779499999997,-1.7645393800000001e-23,0.0020920455,1.7665509700000001e-23,1,-9.5967587600000002e-24,-0.0020920455,9.6336948000000003e-24,0.99999779499999997)},[Sf('\29\216\253J\197\252\247W1\150\205@\219\241\255M;','T\182\155/\183\146\158#')]={[Sf('c\aD\131G\1X\132','3h7\234')]=ue[Sf('9P\248\27{\239','z\22\138')][Sf('EN\\','+')](-17223.351600000002,10.3985424,-20488.474600000001,0.99999779499999997,-2.5905177400000001e-07,-0.0020920429399999998,2.5959542399999999e-07,1,2.5959553799999998e-07,0.0020920429399999998,-2.6013805200000003e-07,0.99999779499999997)},[Sf('\30\25%\240\29\r&\26\55\234I%!','RvV\132=L')]={[Sf('\147\218\209X\183\220\205_','\195\181\162\49')]=ue[Sf('7\162\139\21\137\156','t\228\249')][Sf('\134\141\159','\232')](-14034.9414,3.3825633499999999,-20151.152300000002,0.74314814799999995,-3.6661731399999998e-07,-0.66912692799999995,2.5959369100000001e-07,1,-2.5959312200000001e-07,0.66912692799999995,1.9215027799999999e-08,0.74314814799999995)},[Sf('\219\222\182\196\253\198\214\223\191\196\254\130','\159\172\211\165\144\230')]={[Sf('\200\184\238U\236\190\242R','\152\215\157<')]=ue[Sf('L\0)n+>','\15F[')][Sf('\175\164\182','\193')](-21797.627,8.5398168600000002,-20605.031200000001,0.99997568100000001,8.5170011600000004e-34,-0.0069733313299999997,-8.7072953199999995e-34,1,-2.7258542200000002e-33,0.00697333132