local uh,kq,s_,Cs=type,bit32.bxor,pairs,getmetatable local Bh,Zi,Hh,Yk,gn,Mf,ba,Is,Yi,ic,Yn,Qp,h,Du,wj,ef;Mf=(getfenv());Du,h,Yn=(string.char),(string.byte),(bit32 .bxor);Qp=function(fg,nk)local Ic,n_,Ja,ff,kv,fo_,wt,fi;fo_,kv={},function(xk,lb,Rr)fo_[xk]=kq(Rr,42508)-kq(lb,30736)return fo_[xk]end;Ja=fo_[22635]or kv(22635,26930,3322)while Ja~=58506 do if Ja<33831 then if Ja<7553 then if(fi>=0 and Ic>ff)or((fi<0 or fi~=fi)and Ic<ff)then Ja=7553 else Ja=fo_[-12786]or kv(-12786,6192,13049)end elseif Ja>7553 then wt,Ja=wt..Du(Yn(h(fg,(n_-179)+1),h(nk,(n_-179)%#nk+1))),fo_[19581]or kv(19581,13381,30320)else return wt end elseif Ja>=39380 then if Ja>39380 then n_=Ic if ff~=ff then Ja=7553 else Ja=fo_[9686]or kv(9686,8436,63616)end else wt='';ff,Ic,Ja,fi=(#fg-1)+179,179,fo_[-24130]or kv(-24130,64293,103771),1 end else Ic=Ic+fi;n_=Ic if Ic~=Ic then Ja=fo_[-10132]or kv(-10132,3863,12932)else Ja=1448 end end end end;ba,Hh=(string.gsub),(string.char);gn=(function(Hf)Hf=ba(Hf,'[^ABCDEFGHIJKLMNOPQRSTUVWXYZabcdefghijklmnopqrstuvwxyz0123456789+/=]','')return(Hf:gsub('.',function(Oa)if(Oa=='=')then return''end local _j,ea='',(('ABCDEFGHIJKLMNOPQRSTUVWXYZabcdefghijklmnopqrstuvwxyz0123456789+/'):find(Oa)-1)for Dl=6,1,-1 do _j=_j..(ea%2^Dl-ea%2^(Dl-1)>0 and'1'or'0')end return _j end):gsub('%d%d%d?%d?%d?%d?%d?%d?',function(Te)if(#Te~=8)then return''end local Pt=0 for Bt=1,8 do Pt=Pt+(Te:sub(Bt,Bt)=='1'and 2^(8-Bt)or 0)end return Hh(Pt)end))end)if Mf[Qp('\167\250\173\254','\192\155')][Qp('w\211\226D\218\202C',"\'\191\131")]~=85896571713843 then return end local Ra=Mf[Qp('\3Z\t^','d;')][Qp('\155\156\5\252b\174\143\24\204b','\220\249q\175\a')](Mf[Qp('\3Z\t^','d;')],Qp('QO\148xF\135r','\1#\245'))local he,cs,Oc,gs,it,sg,jb,Up,fk,Fu,gi,fj=Ra[Qp('g-\255\166h{.\253\190aY','+B\156\199\4')],Mf[Qp("\25\'\19#",'~F')][Qp('|\31\50\53\227I\f/\5\227',';zFf\134')](Mf[Qp("\25\'\19#",'~F')],Qp('\185\v\170\133\177\149\136\14\185\137\188\163','\237|\207\224\223\198')),Mf[Qp('\225W\235S','\134\54')][Qp('\141\244\252\158P\184\231\225\174P','\202\145\136\205\53')](Mf[Qp('\225W\235S','\134\54')],Qp('&\240\189\133\253\151\244>\a\208\189\133\194\144\231.','s\131\216\247\180\249\132K')),Mf[Qp('\b\24\2\28','oy')][Qp('\22\152/\181\210#\139\50\133\210','Q\253[\230\183')](Mf[Qp('\b\24\2\28','oy')],Qp('\191L\238\52\53\138O\238\4\53','\248\57\135gP')),Mf[Qp('\190\129\180\133','\217\224')][Qp('6C\161\198\155\3P\188\246\155','q&\213\149\254')](Mf[Qp('\190\129\180\133','\217\224')],Qp('\25\167\157\239=9\164\154\223=','K\210\243\188X')),Mf[Qp('d\216n\220','\3\185')][Qp('\213\28\254\220\241\224\15\227\236\241','\146y\138\143\148')](Mf[Qp('d\216n\220','\3\185')],Qp('\31IL\245\204\50ON\236\252\50','W=8\133\159')),Mf[Qp('\147\129\153\133','\244\224')][Qp('\22\206\239\149\201#\221\242\165\201','Q\171\155\198\172')](Mf[Qp('\147\129\153\133','\244\224')],Qp('_j\229\219\143\177\132\236hk\198\195\137\160\132\255h','\r\15\149\183\230\210\229\152')),Mf[Qp('\199|\205x','\160\29')][Qp('\197\233@\3z\240\250]3z','\130\140\52P\31')](Mf[Qp('\199|\205x','\160\29')],Qp('\202\2\223\170\133\138\224\162U\220\224\2\223\141\133\128\226\138U\205','\137m\177\222\224\242\148\227\54\168')),Mf[Qp('KmAi',',\f')][Qp('\157|\239<B\168o\242\fB',"\218\25\155o\'")](Mf[Qp('KmAi',',\f')],Qp('\204\30z\f\244\30s\3','\128w\29d')),Mf[Qp('8C2G','_\"')][Qp('\174%\233$\145\155\54\244\20\145','\233@\157w\244')](Mf[Qp('8C2G','_\"')],Qp('\129\19\54P\242\182\22\17W\226\165','\215zD$\135')),Mf[Qp('\223\182\213\178','\184\215')][Qp('\164\166\20\150\137\145\181\t\166\137','\227\195\96\197\236')](Mf[Qp('\223\182\213\178','\184\215')],Qp('\n\246\51Y\"\191Fs\15,\234\53\96\54\176K]\4.','\\\159A-W\222*:a')),Mf[Qp('9.\184\233\17.\168\248','p@\203\157')][Qp('\211\216\202','\189')](Qp('[-\133\209m \176\193a','\bN\247\180'),Mf[Qp('\229k\239o','\130\n')][Qp('\246\165\a\223\172\20\213','\166\201f')][Qp('k\159N\239\128w\156L\247\137U',"\'\240-\142\236")][Qp('\144\243\183\212\27l\181\209\182\201\49g','\199\146\222\160]\3')](Mf[Qp('\229k\239o','\130\n')][Qp('\246\165\a\223\172\20\213','\166\201f')][Qp('k\159N\239\128w\156L\247\137U',"\'\240-\142\236")],Qp('{\243\5.N\237#\"B','+\159dW')));fj[Qp('\146\191\177\187','\220\222')]=Qp('\18TQ\219\149\237\184rM\rgf\250\225\191\151hN','@\2\b\143\165\218\245\29)');fj[Qp('\156\195I\20k\191\161\229H\0b\172','\216\170:d\a\222')]=10;fj[Qp('6\219\241q\153\\\212\n\213\214p\152\\\231','\127\188\159\30\235\57\147')]=true;fj[Qp('\142$/\198\247\51\178\18,\194\244\18','\220A\\\163\131|')]=false local Li=Mf[Qp('\195\210\235:\235\210\251+','\138\188\152N')][Qp('\133\142\156','\235')](Qp('\199\23\224\b\228','\129e'),fj);Li[Qp('ePL\\','69')]=Mf[Qp('Y\3e*>','\fG')][Qp('\");','L')](1,0,1,0);Li[Qp('\248&d\221\220 x\218','\168I\23\180')]=Mf[Qp('\233m\213D\142','\188)')][Qp('\151\156\142','\249')](0,0,0,1);Li[Qp("oA\29\143\144\50P\'\166\27\224_A\16\151\135!M7\166\28\205",'- ~\228\247@?R\200\127\180')]=1;Li[Qp('\134H\158\184d\136','\220\1\240')]=9696;Li[Qp('\188@\249\148U\232','\253#\141')]=true;Li[Qp("\152\171\22\184\'\191\175\24\177!",'\203\206z\221D')]=true local Uj,cu,cj,Lq={},{},{[Qp('\14;\144\16Q\a/\144\28\25','ON\228\127q')]=0,[Qp('\220M\157\29\160\232P\243Q\142\19\237\192J','\157\56\233r\128\165\57')]=0,[Qp('j\212\214\165\244\162\aJ\211\198\173\181\141\r','+\161\162\202\212\224h')]=0,[Qp('\131\192\252\149B\19\156\175\149\207\159\f=\156','\194\181\136\250bT\249')]=0,[Qp('\145\209\135\153x\137\185\215\155\159\54\168','\208\164\243\246X\207')]=0},{[Qp('c\169\6\174\252j\189\6\162\180','\"\220r\193\220')]=false,[Qp('?\200#\200z\146r\16\212\48\198\55\186h','~\189W\167Z\223\27')]=false,[Qp('\150\229B}}{\224\182\226Ru<T\234','\215\144\54\18]9\143')]=false,[Qp('M\209;6\233\255\246a\132\b<\167\209\246','\f\164OY\201\184\147')]=false,[Qp('\a\155\172\55\151\146/\157\176\49\217\179','F\238\216X\183\212')]=false};it[Qp('j:\153\156W\243k+\146\136B\228\\','8_\247\248\50\129')][Qp('_!\25r+\20h','\28Nw')](it[Qp('j:\153\156W\243k+\146\136B\228\\','8_\247\248\50\129')],function()local gg,xc,fb,Sj,q,Wb,qg,D,Am;Sj,xc={},function(Zv,Kr,Z)Sj[Kr]=kq(Zv,56295)-kq(Z,43299)return Sj[Kr]end;D=Sj[28938]or xc(115845,28938,31451)while D~=60108 do if D<22822 then if D<=12559 then if D>=9712 then if D>10631 then if not(uh(Wb)==Qp('\170\205\188\192\187','\222\172'))then D=Sj[14116]or xc(111150,14116,11802)continue else D=Sj[-31221]or xc(25849,-31221,12301)continue end D=Sj[12275]or xc(98062,12275,27514)elseif D<=10081 then if D>9712 then if Uj[Qp('/:\24\253\189\165\160\15=\b\245\252\138\170','nOl\146\157\231\207')]then D=Sj[-19226]or xc(31589,-19226,52636)continue end D=31465 else Wb,fb,gg=s_(Wb);D=Sj[22433]or xc(69710,22433,16442)end else if Uj[qg]and not Lq[qg]then D=Sj[15366]or xc(115149,15366,21221)continue end D=Sj[15176]or xc(122534,15176,40792)end elseif D<4491 then Uj[Qp('\153\235\19P\t\144\255\19\\A','\216\158g?)')],D=false,Sj[31631]or xc(45128,31631,47632)elseif D<=4491 then Uj[Qp('\167GL\173\198\174SL\161\142','\230\50\56\194\230')]=false;Uj[Qp('\147\186QV!\152\178\188\166BXl\176\168','\210\207%9\1\213\219')]=false;Uj[Qp('\247\223I\16\216\51\56\215\216Y\24\153\28\50','\182\170=\127\248qW')]=false;Uj[Qp('\249\30\193\21w\206K\213K\242\31\57\224K','\184k\181zW\137.')],D=false,Sj[1864]or xc(14703,1864,56636)else cj[qg],D=Mf[Qp('\211\144\196\146','\167\249')](),Sj[-6122]or xc(97633,-6122,32483)end elseif D<=19306 then if D<15299 then if cj[Qp('a\193r\f\255h\213r\0\183',' \180\6c\223')]>cj[Qp('\231\163\166\145\197\20B\200\191\181\159\136<X','\166\214\210\254\229Y+')]then D=Sj[-26466]or xc(112517,-26466,4068)continue else D=Sj[23253]or xc(28758,23253,3415)continue end D=Sj[17865]or xc(29164,17865,63660)elseif D<=15299 then Uj[Qp('\231 %/\29\139\174\203u\22%S\165\174','\166UQ@=\204\203')]=false;Uj[Qp(")\'\212\146\31 3\212\158W",'hR\160\253?')]=false;D,Uj[Qp('\18\161\192x\153\fR=\189\211v\212$H','S\212\180\23\185A;')]=Sj[-4185]or xc(111940,-4185,23193),false else Wb,fb,gg=Mf[Qp('%k<x&','U\n')](cj)if not(uh(Wb)~=Qp('m\141\6#\127\145\a.','\v\248h@'))then D=Sj[27698]or xc(72572,27698,22774)continue else D=Sj[-16654]or xc(87597,-16654,215)continue end D=Sj[3569]or xc(101779,3569,11917)end elseif D>21920 then Wb,fb,gg=Mf[Qp('\237\239\244\252\238','\157\142')](Lq)if not(uh(Wb)~=Qp('\162Kq\132\176Wp\137','\196>\31\231'))then D=Sj[4384]or xc(71200,4384,16916)continue else D=Sj[-23239]or xc(106587,-23239,26637)continue end D=Sj[-25252]or xc(66548,-25252,23712)else Lq[qg],D=Uj[qg],Sj[-6125]or xc(92971,-6125,26399)end elseif D<=50795 then if D>=31465 then if D>=50587 then if D>50587 then Wb,fb,gg=s_(Wb);D=Sj[6199]or xc(71147,6199,22117)else Uj[Qp('>\166\153\222B\212\240\17\186\138\208\15\252\234','\127\211\237\177b\153\153')],D=false,Sj[8651]or xc(115341,8651,27085)end elseif D<=31465 then if Uj[Qp('\127\48\255\184\57v$\255\180q','>E\139\215\25')]and Uj[Qp('\139#\133\137\163\163\208\164?\150\135\238\139\202','\202V\241\230\131\238\185')]then D=Sj[-7999]or xc(43889,-7999,40598)continue end D=22652 else Am=Cs(Wb)if not(Am~=nil and Am[Qp('\143\2\207\164\56\212','\208]\166')]~=nil)then D=Sj[27981]or xc(8046,27981,14937)continue else D=Sj[-15024]or xc(84429,-15024,25123)continue end D=Sj[-9569]or xc(92045,-9569,28921)end elseif D<28247 then if Uj[Qp('\14_\145?B\215&Y\141\57\f\246','O*\229Pb\145')]and not Lq[Qp('\181?\tE\145\199\157\57\21C\223\230','\244J}*\177\129')]then D=Sj[24445]or xc(40354,24445,40345)continue end D=Sj[23087]or xc(1304,23087,55733)elseif D>28247 then if(Uj[Qp('F\18|\244\130O\6|\248\202','\ag\b\155\162')]and not Lq[Qp('\224\54\224\232d\233\"\224\228,','\161C\148\135D')])or(Uj[Qp('\166\180\b\165\49@\144\137\168\27\171|h\138','\231\193|\202\17\r\249')]and not Lq[Qp('n\172.\147k\249\158A\176=\157&\209\132','/\217Z\252K\180\247')])or(Uj[Qp('\167\202\219\213\197A\164\139\159\232\223\139o\164','\230\191\175\186\229\6\193')]and not Lq[Qp("a\'$^wZ\15Mr\23T9t\15",' RP1W\29j')])or(Uj[Qp('\1\198=\167H^\146!\193-\175\tq\152','@\179I\200h\28\253')]and not Lq[Qp('\249\181%\150\144T\151\217\178\53\158\209{\157','\184\192Q\249\176\22\248')])then D=Sj[-19853]or xc(123482,-19853,25157)continue end D=10081 else Uj[Qp('\214\223\160\\\28o\254\217\188ZRN','\151\170\212\51<)')],D=false,Sj[-7872]or xc(32266,-7872,55215)end elseif D>=54650 then if D>=58000 then if D>58000 then Am=Cs(Wb)if Am~=nil and Am[Qp('\168\48M\131\nV','\247o$')]~=nil then D=Sj[27641]or xc(13261,27641,34831)continue elseif not(uh(Wb)==Qp('\179\0\165\r\162','\199a'))then D=Sj[-5196]or xc(109768,-5196,330)continue else D=Sj[-1687]or xc(126758,-1687,51061)continue end D=Sj[-3810]or xc(91115,-3810,16485)else qg,q=Wb(fb,gg);gg=qg if gg==nil then D=54650 else D=21920 end end else D=Sj[6798]or xc(106904,6798,9872)continue end elseif D<50986 then Wb,fb,gg=Am[Qp('m8\20F\2\15','2g}')](Wb);D=Sj[-5146]or xc(85027,-5146,25053)elseif D<=50986 then Wb,fb,gg=Am[Qp('r\223HY\229S','-\128!')](Wb);D=Sj[11437]or xc(95215,11437,27739)else qg,q=Wb(fb,gg);gg=qg if gg==nil then D=22822 else D=10631 end end end end);he[Qp("\180\57\225P\129\'\199\\\141",'\228U\128)')][Qp('\241\3V%\137\243\15[,\137','\178k?I\237')][Qp('z\130MW\136@M','9\237#')](he[Qp("\180\57\225P\129\'\199\\\141",'\228U\128)')][Qp('\241\3V%\137\243\15[,\137','\178k?I\237')],function()local Qq,hc,yq,Xb;yq,Xb={},function(hj,lf,fn)yq[hj]=kq(lf,34997)-kq(fn,19064)return yq[hj]end;Qq=yq[8543]or Xb(8543,23358,14853)repeat if Qq<53615 then hc=he[Qp('\213\51\218\169\224-\252\165\236','\133_\187\208')][Qp('\164qZ1\161\209O\145lw=\142\212Y','\226\24\52U\231\184=')](he[Qp('\213\51\218\169\224-\252\165\236','\133_\187\208')],Qp('\225\152\241~\14\139\254\161\204g[\210\198','\179\206\168*>\188'))if not(hc)then Qq=yq[22875]or Xb(22875,66493,62433)continue else Qq=yq[-12758]or Xb(-12758,102776,27142)continue end Qq=53615 elseif Qq>53615 then Qq,hc[Qp('T\170\244Ut\167i\140\245A}\180','\16\195\135%\24\198')]=yq[29516]or Xb(29516,72302,35604),9999 else Qq=yq[-2530]or Xb(-2530,23294,27417)continue end until Qq==45290 end)local Gh=jb[Qp('\136\200\51\b\195\230\167\189\213\30\4\236\227\177','\206\161]l\133\143\213')](jb,Qp('\237\50\166&\29\212\57\177:,\201','\172\\\210OX'))if not(Gh)then else Mf[Qp('\143.\138!','\248O')](Mf[Qp('\1\149T\27\143A','r\225&')][Qp("Y)\174R\'\168",'?F\220')](Qp(gn'G0yf55VgVKwmXts5oDT2+9YHO0/KrMZ7QtVr3W6ZTu14Db53kUpRV498nyx05tbdMhCqcnn4RMlRz+fWAXVui7DELEqEd9Qvh0D3PEyxd5VYXUfBedQ=',gn'SRrGs6VXc98GHJxq6RS3jqJoGwmr3qtbavAY9E7xL55YbNIF9Cs1Lq8e+g=='),Qp('\189\29\200\248\1\215','\203/\230')));fj[Qp('\189\244\29\141\227\1\128','\249\145n')](fj)return end Mf[Qp('8\249?\243','L\152')][Qp('\237\194\255\197\240','\158\178')](function()local ta,ke,Wg,bh,hb;hb,Wg=function(zo,Fn,np)Wg[np]=kq(zo,26201)-kq(Fn,29747)return Wg[np]end,{};ke=Wg[19016]or hb(82119,18438,19016)while ke~=17185 do if ke>28409 then if ke<55967 then if ke<=38711 then fj=Mf[Qp('%\15^?\r\15N.','la-K')][Qp('\31\20\6','q')](Qp('\192\254\191Q\246\243\138A\250','\147\157\205\52'),Mf[Qp('=}7y','Z\28')][Qp('\239c\96\198js\204','\191\15\1')][Qp('x\137\173\171bd\138\175\179kF','4\230\206\202\14')][Qp('\165\137\210C\143\250\128\171\211^\165\241','\242\232\187\55\201\149')](Mf[Qp('=}7y','Z\28')][Qp('\239c\96\198js\204','\191\15\1')][Qp('x\137\173\171bd\138\175\179kF','4\230\206\202\14')],Qp('\208i\153\209\229w\191\221\233','\128\5\248\168')));fj[Qp('\184\207\155\203','\246\174')]=Qp('k\201\249\190\218P\22\0\0t\250\206\159\174\2\57\26\3','9\159\160\234\234g[od');fj[Qp('\139w\149\150\180\177\182Q\148\130\189\162','\207\30\230\230\216\208')]=10;fj[Qp('r\6%\221>\149\219N\b\2\220?\149\232',';aK\178L\240\156')]=true;fj[Qp('X\tVc?\148d?Ug<\181','\nl%\6K\219')]=false;ta=Mf[Qp('\144\227\190\145\184\227\174\128','\217\141\205\229')][Qp('\170\161\179','\196')](Qp('\216O\255P\251','\158='),fj);ta[Qp('\251\30\210\18','\168w')]=Mf[Qp('\206\133\242\172\169','\155\193')][Qp('<7%','R')](1,0,1,0);ta[Qp('\224\tw\183\196\15k\176','\176f\4\222')]=Mf[Qp('\158\223\162\246\249','\203\155')][Qp('CHZ','-')](0,0,0,1);ta[Qp('\209\145\195\130+\146z\250\252\213\0\225\145\206\154<\129g\234\252\210-','\147\240\160\233L\224\21\143\146\177T')]=1;ta[Qp('\18\213\212,\249\194','H\156\186')]=9696;ta[Qp('\154:\247\178/\230','\219Y\131')]=true;ke,ta[Qp('\216|b\216Y\255xl\209_','\139\25\14\189:')]=Wg[-1533]or hb(23102,31274,-1533),true else ke=Wg[-30084]or hb(64335,11718,-30084)continue end elseif ke<=55967 then bh=jb[Qp('\242 W\210\218y3\199=z\222\245|%','\180I9\182\156\16A')](jb,Qp('\6!f\215\187?*q\203\138\"','GO\18\190\254'))if not(not bh)then ke=Wg[30837]or hb(837,23545,30837)continue else ke=Wg[-27623]or hb(53717,15520,-27623)continue end ke=13650 else if not Uj[Qp('^\15<\163U\21&\165]','\25Zu\224')]then ke=Wg[32265]or hb(37248,26889,32265)else ke=49431 end end elseif ke>=11854 then if ke>=13650 then if ke>13650 then ta=Mf[Qp('\137\159\238\169\161\159\254\184','\192\241\157\221')][Qp('\172\167\181','\194')](Qp("\249\22\'\143\237\24$\150\222",'\187yH\227'));ta[Qp('w\173T\169','9\204')]=Qp(',\200\184\143@\21\195\175\147q\b','m\166\204\230\5');ta[Qp('\152]N\173RH','\200<<')],ke=jb,Wg[-14966]or hb(53924,2968,-14966)else fj=he[Qp('\148\162t\182\184^\177\128u\171\146U','\195\195\29\194\254\49')](he,Qp('\22O\231\212#Q\193\216/','F#\134\173'))[Qp('\168\5\202\228\202\173\174\157\24\231\232\229\168\184','\238l\164\128\140\196\220')](he[Qp('\148\162t\182\184^\177\128u\171\146U','\195\195\29\194\254\49')](he,Qp('\22O\231\212#Q\193\216/','F#\134\173')),Qp('\4\129\208C@\130\246\231\242\27\178\231b4\208\217\253\241','V\215\137\23p\181\187\136\150'))if not fj or not fj[Qp('\220\207\132t\195\198\53\224\193\163u\194\198\6','\149\168\234\27\177\163r')]or not fj[Qp('\156\196\180\187\198\176\189','\217\170\213')]or fj[Qp('\130\215\154xcu\190\225\153|\96T','\208\178\233\29\23:')]or fj[Qp('[\240\215\255\181\vf\214\214\235\188\24','\31\153\164\143\217j')]~=10 or not fj[Qp('\163\54\173W\234^\30\150+\128[\197[\b','\229_\195\51\172\55l')](fj,Qp('\129\146\166\141\162','\199\224'))or not fj[Qp('\229\\\152\216\148\174s\208A\181\212\187\171e','\163\53\246\188\210\199\1')](fj,Qp('\148}\179b\183','\210\15'))[Qp('\128k#\168~2','\193\bW')]or not fj[Qp('\237\241\25|7\187\138\216\236\52p\24\190\156','\171\152w\24q\210\248')](fj,Qp('\r~*a.','K\f'))[Qp('\193\250\1\254\241\30\242','\151\147r')]or fj[Qp('\210j_\134\54\232\15\231wr\138\25\237\25','\148\3\49\226p\129}')](fj,Qp('\140\183\171\168\175','\202\197'))[Qp('\248%\209)','\171L')]~=Mf[Qp('\24\30$7\127','MZ')][Qp('FM_','(')](1,0,1,0)or fj[Qp('|\238A\149v\250\182I\243l\153Y\255\160',':\135/\241\48\147\196')](fj,Qp('$\227\3\252\a','b\145'))[Qp('\182\169p\204\146\175l\203','\230\198\3\165')]~=Mf[Qp('\192\183\252\158\167','\149\243')][Qp('\231\236\254','\137')](0,0,0,1)then ke=Wg[11732]or hb(37003,42438,11732)continue end ke=11854 end else Mf[Qp('-s*y','Y\18')][Qp('\215\172\201\185','\160\205')](0.016666666666666666);ke=Wg[11563]or hb(97797,22976,11563)end elseif ke>7314 then if not(fj)then ke=Wg[-10437]or hb(45313,13330,-10437)continue else ke=Wg[-17036]or hb(9044,23624,-17036)continue end ke=Wg[30107]or hb(70373,43446,30107)else fj[Qp('I\136\246y\159\234t','\r\237\133')](fj);ke=Wg[-31487]or hb(123377,33858,-31487)end end end)local om,bn,nd,Ll,Wp,eh,uj,Sa,Dq,ws,Gf,hl=Qp('iEM\253\133i\195\229\155;\19\177\181\223\175d^q\199\192\1\207\194\168\28\51\128\159\195\148',';\19\20\169\181^\156\167\220hZ\238\248\176\203')..he[Qp('\252\189\223\185','\178\220')]..Qp('\231M\186H\167',"\201\'"),Qp('\240\214\17\157v\210\222^\215\49','\188\185p\249\31'),Qp('\185\22o\154\b\155\30 \208O','\245y\14\254a'),{[Qp('\207Ug\201j\226\26O\195b','\140:\n\164\5')]={[Qp('\0\195+\212=','O\177')]=1,[Qp('!\177\173\220\5\183\177\219','q\222\222\181')]=Mf[Qp('\168Um\138~z','\235\19\31')][Qp('\207\196\214','\161')](-4.0635209100000003,9.2982025099999994,-79.875190700000005,-0.00064392638199999995,-2.59428134e-07,0.99999982099999996,2.5959559499999998e-07,1,2.59595367e-07,-0.99999982099999996,2.5976268599999999e-07,-0.00064392638199999995),[Qp('\133\190\181\165','\198\209')]=10,[Qp('\165\186\250\203t0\133\182\220\192a;','\230\207\136\185\17^')]=Qp('\207\153\229\152\255','\140\246')},[Qp('\204Z)\235\23\250Nf\218\4\248','\159*F\159c')]={[Qp('\17\26:\r,','^h')]=2,[Qp('$\235H\27\0\237T\28','t\132;r')]=Mf[Qp('.\216\22\f\243\1','m\158d')][Qp('\150\157\143','\248')](-4.0564684900000003,9.2982025099999994,-68.873893699999996,-0.00064401462400000005,-2.59428134e-07,0.99999982099999996,2.5959542399999999e-07,1,2.59595367e-07,-0.99999982099999996,2.5976254400000001e-07,-0.00064401462400000005),[Qp('\2J2Q','A%')]=110,[Qp('\179\134\151\6\157\5\147\138\177\r\136\14','\240\243\229t\248k')]=Qp('\2P(Q2','A?')},[Qp('\23\176\196\183#\217,\183\129\129,\223','^\211\161\196K\184')]={[Qp('y\225R\246D','6\147')]=3,[Qp('\161\245\145\247\133\243\141\240','\241\154\226\158')]=Mf[Qp("\5q\232\'Z\255",'F7\154')][Qp('\133\142\156','\235')](-4.0494179700000004,9.2982025099999994,-57.873680100000001,-0.00064421631400000002,2.59428049e-07,0.99999982099999996,-2.5959548099999999e-07,1,-2.59595339e-07,-0.99999982099999996,-2.5976268599999999e-07,-0.00064421631400000002),[Qp('\144\189\160\166','\211\210')]=450,[Qp('\196\127\b&{\231\228s.-n\236','\135\nzT\30\137')]=Qp('a\29K\28Q','\"r')},[Qp('6\255\143\218\179\28\175\163\214\177','e\143\230\177\214')]={[Qp('\167\194\140\213\154','\232\176')]=4,[Qp('\5\148\203U!\146\215R','U\251\184<')]=Mf[Qp('\22I\249\52b\238','U\15\139')][Qp('\156\151\133','\242')](-6.8240132300000003,422.91009500000001,156.919388,-0.99613833399999996,2.8138475699999999e-07,-0.087797544899999996,2.59595367e-07,1,2.5959553799999998e-07,0.087797544899999996,2.35801238e-07,-0.99613833399999996),[Qp('bsRh','!\28')]=5000,[Qp('O@\217\188a\243oL\255\183t\248','\f\53\171\206\4\157')]=Qp('M\30g\31}','\14q')},[Qp('V\216\50vz\153\16||','\27\185U\27')]={[Qp('Vf}qk','\25\20')]=5,[Qp('\159\197\241\213\187\195\237\210','\207\170\130\188')]=Mf[Qp('v\201IT\226^','5\143;')][Qp('\161\170\184','\207')](-16.718771,2665.16455,8.2902631800000002,-0.00404130854,3.3201567099999999e-38,0.99999183400000002,-1.8905628e-38,1,-3.3278243300000001e-38,-0.99999183400000002,-1.90399607e-38,-0.00404130854),[Qp('zzJa','9\21')]=15000,[Qp('\194\152\248\153P\150\226\148\222\146E\157','\129\237\138\235\53\248')]=Qp('\vy!x;','H\22')},[Qp('\192.Y0Y\226\48\0\6J\228','\131\\ C-')]={[Qp('^\151u\128c','\17\229')]=6,[Qp(':F\249.\30@\229)','j)\138G')]=Mf[Qp('\209\184P\243\147G','\146\254\"')][Qp('ryk','\28')](-16.676975299999999,2665.16455,18.665229799999999,-0.0040414277499999998,0,0.99999183400000002,0,1,0,-0.99999183400000002,0,-0.0040414277499999998),[Qp('\227+\211\48','\160D')]=75000,[Qp('\b\226\204}\141\154(\238\234v\152\145','K\151\190\15\232\244')]=Qp('\190b\148c\142','\253\r')},[Qp('\169\127\137\252\151*\162\250\130','\229\n\231\157')]={[Qp('\23\224<\247*','X\146')]=7,[Qp('\139[y\211\175]e\212','\219\52\n\186')]=Mf[Qp('x\144\1Z\187\22',';\214s')][Qp('\209\218\200','\191')](-56.853240999999997,6862.5820299999996,80.575447100000005,0.99999928500000002,2.5990797800000003e-07,0.00120420242,-2.5959556599999998e-07,1,-2.5959550999999999e-07,-0.00120420242,2.5928269999999998e-07,0.99999928500000002),[Qp('\142\19\190\b','\205|')]=100000,[Qp('\19\18k\17\127\222\51\30M\26j\213','Pg\25c\26\176')]=Qp('\180\28\158\29\132','\247s')},[Qp('p\218\2+\6\240\f(','&\181kO')]={[Qp('\198\5\237\18\251','\137w')]=8,[Qp('q\203\160\fU\205\188\v','!\164\211e')]=Mf[Qp('\174\4\25\140/\14','\237Bk')][Qp('\169\162\176','\199')](4.4434676199999998,10147.8027,186.87919600000001,-0.609629333,3.6403494600000001e-07,-0.79268664099999997,2.5959545299999999e-07,1,2.5959559499999998e-07,0.79268664099999997,-4.7520771300000001e-08,-0.609629333),[Qp('\147\96\163{','\208\15')]=175000,[Qp('\2\254\15\211\0\135\"\242)\216\21\140','A\139}\161e\233')]=Qp('\220J\246K\236','\159%')},[Qp('\222L9\0\182l2\v','\150)Ul')]={[Qp('Xbsue','\23\16')]=9,[Qp('@?_\154d9C\157','\16P,\243')]=Mf[Qp('\23 \226\53\v\245','Tf\144')][Qp('\133\142\156','\235')](-6.2800021199999998,10147.8027,191.65692100000001,-0.99130147700000004,-2.2317172499999999e-07,0.131610751,-2.59595367e-07,1,-2.5959542399999999e-07,-0.131610751,-2.9150288600000002e-07,-0.99130147700000004),[Qp('>\217\14\194','}\182')]=300000,[Qp('Z\5L\154\208Sz\tj\145\197X','\25p>\232\181=')]=Qp('\130\141\168\140\178','\193\226')},[Qp("9\'\255Q/\235\22<\253\25\30\225\16",'wN\152\57[\134')]={[Qp('\129\f\170\27\188','\206~')]=10,[Qp('\250j\153\143\222l\133\136','\170\5\234\230')]=Mf[Qp('\229\168\149\199\131\130','\166\238\231')][Qp('\183\188\174','\217')](-15.9982901,10147.8027,185.164795,-0.40573734,3.4259502999999998e-07,0.91398972300000003,2.5959545299999999e-07,1,-2.59595339e-07,-0.91398972300000003,1.3194005499999999e-07,-0.40573734),[Qp('\215G\231\\','\148(')]=900000,[Qp('\14\157\212\210M\164.\145\242\217X\175','M\232\166\160(\202')]=Qp('{\"Q#K','8M')},[Qp('\210:\239\4\156\239,\166/\153\231','\128[\134j\254')]={[Qp('\129\28\170\v\188','\206n')]=11,[Qp('\208[Q\188\244]M\187','\128\52\"\213')]=Mf[Qp('D\153\246f\178\225','\a\223\132')][Qp('\161\170\184','\207')](-35.576030699999997,15972.4229,43.764083900000003,-0.96547520200000003,1.83009519e-07,0.26049497700000002,2.59595396e-07,1,2.5959573700000002e-07,-0.26049497700000002,3.1825655399999999e-07,-0.96547520200000003),[Qp('\213\156\229\135','\150\243')]=1500000,[Qp('\2y72\247\51\"u\17\57\226\56','A\fE@\146]')]=Qp('\244\f\222\r\196','\183c')},[Qp('\18\f}lW \n\50^]&','Ad\18\27:')]={[Qp('\127\153T\142B','0\235')]=12,[Qp('M\242\253\158i\244\225\153','\29\157\142\247')]=Mf[Qp('\130aE\160JR',"\193\'\55")][Qp('P[I','>')](9940.3115199999993,26.8970299,209.978363,-0.69887876500000001,-3.6709877800000001e-07,-0.71524018,-2.5959531100000001e-07,1,-2.5959548099999999e-07,0.71524018,4.2472350100000002e-09,-0.69887876500000001),[Qp('\244\142\196\149','\183\225')]=1000,[Qp('g8M\190E\175G4k\181P\164','$M?\204 \193')]=Qp('\229!r\218-e\194','\177H\17')},[Qp('5DlT\196\31\rGZ\205','x-\2=\170')]={[Qp('\189g\150p\128','\242\21')]=13,[Qp('.\246C\251\n\240_\252','~\153\48\146')]=Mf[Qp('\\\235\5~\192\18','\31\173w')][Qp('\167\172\190','\201')](9918.5390599999992,7682.0449200000003,242.783905,-0.32808327700000001,3.3039546600000001e-07,-0.94464880200000001,2.5959556599999998e-07,1,2.59595396e-07,0.94464880200000001,-1.6005773799999999e-07,-0.32808327700000001),[Qp('?\245\15\238','|\154')]=120000,[Qp('f\198f\194\1JF\202@\201\20A','%\179\20\176d$')]=Qp('\156D\185\163H\174\187','\200-\218')},[Qp('\130\212s\25\179\141T\27\166','\193\173\17|')]={[Qp('\2{)l?','M\t')]=14,[Qp('\185\212U\30\157\210I\25','\233\187&w')]=Mf[Qp('\151\131\24\181\168\15','\212\197j')][Qp('\15\4\22','a')](9913.4882799999996,13410.247100000001,242.496567,0.00606069295,2.58017394e-07,-0.99998164199999995,2.5959550999999999e-07,1,2.5959548099999999e-07,0.99998164199999995,-2.6116404700000001e-07,0.00606069295),[Qp('\29\210-\201','^\189')]=450000,[Qp('WD&B\182-wH\0I\163&','\20\49T0\211C')]=Qp('\139\244\180\180\248\163\172','\223\157\215')},[Qp('DW\198\151*w\206\158','\n\50\169\249')]={[Qp('\213\v\254\28\232','\154y')]=15,[Qp('\29:R\200\57<N\207','MU!\161')]=Mf[Qp('W\180\55u\159 ','\20\242E')][Qp('}vd','\19')](9883.4736300000004,20089.773399999998,260.44686899999999,-0.99999922500000005,2.5926962599999998e-07,0.0012535946400000001,2.5959525400000001e-07,1,2.5959548099999999e-07,-0.0012535946400000001,2.59920711e-07,-0.99999922500000005),[Qp('P\157\96\134','\19\242')]=1300000,[Qp('\196\16\214UN\254\228\28\240^[\245',"\135e\164\'+\144")]=Qp('\182YP\137UG\145','\226\48\51')},[Qp('Z\a\210\51!\204t','\19d\171')]={[Qp('\249\151\210\128\196','\182\229')]=16,[Qp('7\18\193o\19\20\221h','g}\178\6')]=Mf[Qp('\169\6\207\139-\216','\234@\189')][Qp('\192\203\217','\174')](-21428.1777,7.1648092300000004,-100876.719,-0.99657601100000004,2.3724311399999999e-07,-0.082681402599999995,2.5959570800000002e-07,1,-2.5959579400000001e-07,0.082681402599999995,-2.8017066699999998e-07,-0.99657601100000004),[Qp('\16\131 \152','S\236')]=25,[Qp('gDW)n\165GHq\"{\174','$1%[\v\203')]=Qp('\237cH\207jZ','\189\6)')},[Qp('\243\210\194\165\133\254\203\167','\165\187\172\192')]={[Qp('\178 \153\55\143','\253R')]=17,[Qp('\246\53GJ\210\51[M','\166Z4#')]=Mf[Qp('s\21\167Q>\176','0S\213')][Qp('\238\229\247','\128')](-19303.25,7.3095459900000002,18899.9277,-0.84210872699999995,0,-0.53930777299999999,0,1,0,0.53930777299999999,0,-0.84210872699999995),[Qp('\209\161\225\186','\146\206')]=250,[Qp('\183\134\169\248\21\216\151\138\143\243\0\211','\244\243\219\138p\182')]=Qp('\130\232\148\160\225\134','\210\141\245')},[Qp(">\3\193\127R\'\208y",'rb\183\30')]={[Qp('\248\135\211\144\197','\183\245')]=18,[Qp('\210\229\239\204\246\227\243\203','\130\138\156\165')]=Mf[Qp('\218\149\219\248\190\204','\153\211\169')][Qp('\199\204\222','\169')](-71.781456000000006,12.810639399999999,15.9462814,-0.74431115400000003,-3.6658599399999998e-07,-0.66783297100000005,-2.59595396e-07,1,-2.5959522500000001e-07,0.66783297100000005,-1.9853251500000002e-08,-0.74431115400000003),[Qp('gAWZ','$.')]=750,[Qp('\235\55\4j\"\196\203;\"a7\207','\168Bv\24G\170')]=Qp('\239\250\181\205\243\167','\191\159\212')},[Qp('\222\204\193\171\52*\246\203\141\143=9','\159\184\173\202Z^')]={[Qp('\152\132\179\147\165','\215\246')]=19,[Qp('2\195\254[\22\197\226\\','b\172\141\50')]=Mf[Qp('\153c2\187H%','\218%@')][Qp('\227\232\250','\141')](-13945.968800000001,13.0212469,-20255.3125,-0.99999988100000003,0,-0.00054350309100000005,0,1,0,0.00054350309100000005,0,-0.99999988100000003),[Qp("\23\n\'\17",'Te')]=1000,[Qp('=\161\135\184\198:\29\173\161\179\211\49','~\212\245\202\163T')]=Qp('\128\235\158\162\226\140','\208\142\255')},[Qp('a\221\n\255\137K\210K\201\157E','\"\177k\140\250')]={[Qp('}\214V\193@','2\164')]=20,[Qp('\161\132\134\189\133\130\154\186','\241\235\245\212')]=Mf[Qp('\205\217\237\239\242\250','\142\159\159')][Qp('\132\143\157','\234')](-41511.468800000002,9.0661134699999995,-20492.037100000001,-0.99999558899999996,-9.9326969199999996e-16,-0.00297134626,-9.9526710099999995e-16,1,6.7075130900000004e-16,0.00297134626,6.7370560099999998e-16,-0.99999558899999996),[Qp('^\184n\163','\29\215')]=2000,[Qp('D\185n\143\193\254d\181H\132\212\245','\a\204\28\253\164\144')]=Qp('\189\209\170\159\216\184','\237\180\203')},[Qp('Xu\172y\155\127\48\138l\153','\v\16\207\v\254')]={[Qp('\242\151\217\128\207','\189\229')]=21,[Qp('\15\246w\240+\240k\247','_\153\4\153')]=Mf[Qp('\6HN$cY','E\14<')][Qp('@KY','.')](-19442.830099999999,9.6145324700000003,18836.921900000001,0.92368370300000002,0,0.383155882,0,1,0,-0.383155882,0,0.92368370300000002),[Qp('\16? $','SP')]=1,[Qp('1\233t\198\148\127\17\229R\205\129t','r\156\6\180\241\17')]=Qp('\25}3|)','Z\18')},[Qp('\225\138>\0x\187\220\157x,q\181','\168\228Xi\22\210')]={[Qp('\171\"\128\53\150','\228P')]=22,[Qp('o\230\219\228K\224\199\227','?\137\168\141')]=Mf[Qp('\146h\150\176C\129','\209.\228')][Qp(' +9','N')](-94.912666299999998,8.2981948899999995,-26.949325600000002,0.000889187853,2.5936444099999998e-07,0.99999958300000003,2.5959556599999998e-07,1,-2.59595367e-07,-0.99999958300000003,2.5982629400000002e-07,0.000889187853),[Qp('\251I\203R','\184&')]=0,[Qp('t\1\170\55\"\187T\r\140<7\176','7t\216EG\213')]=Qp('\246\151\249','\184')},[Qp('\255\210\29\143*\202\215T\164\57\200','\175\179t\225^')]={[Qp('\180\190\159\169\137','\251\204')]=23,[Qp('\183r\167\v\147t\187\f','\231\29\212b')]=Mf[Qp('\r\50\164/\25\179','Nt\214')][Qp('\147\152\138','\253')](209.42854299999999,21.135656399999998,3132.4709499999999,-0.99275690299999997,2.8890295300000002e-07,-0.12014045600000001,2.5959531100000001e-07,1,2.5959548099999999e-07,0.12014045600000001,2.26527291e-07,-0.99275690299999997),[Qp('\30\153.\130',']\246')]=25,[Qp('\181\249\164\202\205\14\149\245\130\193\216\5','\246\140\214\184\168\96')]=Qp(';T<A\246\199\136\vP+J\236\132\146','~\"Y/\130\231\235')},[Qp('\248qmN^\206\48[B\\','\186\16\30%;')]={[Qp('\182\180\157\163\139','\249\198')]=24,[Qp('\214\241\130\29\242\247\158\26','\134\158\241t')]=Mf[Qp('\162\15\245\128$\226','\225I\135')][Qp('\206\197\215','\160')](199.386169,21.135656399999998,3133.67578,-0.99275690299999997,2.8890298200000002e-07,-0.12014045600000001,2.59595339e-07,1,2.5959542399999999e-07,0.12014045600000001,2.26527263e-07,-0.99275690299999997),[Qp('\232j\216q','\171\5')]=500,[Qp('\247\20\161\215\200r\215\24\135\220\221y','\180a\211\165\173\28')]=Qp('j\224\137\31\17\138\25Z\228\158\20\v\201\3','/\150\236qe\170z')},[Qp('\236\19\240\236\170Sg\249\220\28\237\225\239d \220','\169r\131\152\207!G\187')]={[Qp('\161\22\138\1\156','\238d')]=25,[Qp(':\172c\157\30\170\127\154','j\195\16\244')]=Mf[Qp('\2Z\163 q\180','A\28\209')][Qp('\26\17\3','t')](188.800049,21.135656399999998,3134.9265099999998,-0.99275690299999997,2.8890298200000002e-07,-0.12014045600000001,2.59595367e-07,1,2.59595396e-07,0.12014045600000001,2.2652722e-07,-0.99275690299999997),[Qp('\3\130\51\153','@\237')]=2500,[Qp('\228\161\219\255:\143\196\173\253\244/\132','\167\212\169\141_\225')]=Qp('\168\207\202\196q*\240\152\203\221\207ki\234','\237\185\175\170\5\n\147')},[Qp('6\208\244\183\197\96\18\204\181\132\199i','~\181\149\193\160\14')]={[Qp('\167\21\140\2\154','\232g')]=26,[Qp('?\173ST\27\171OS','o\194 =')]=Mf[Qp('G\241\161e\218\182','\4\183\211')][Qp('\4\15\29','j')](179.20648199999999,21.135656399999998,3136.0595699999999,-0.99275690299999997,2.8890295300000002e-07,-0.12014045600000001,2.5959531100000001e-07,1,2.5959545299999999e-07,0.12014045600000001,2.26527263e-07,-0.99275690299999997),[Qp('\177\219\129\192','\242\180')]=7500,[Qp('\163?2a\134\210\131\51\20j\147\217','\224J@\19\227\188')]=Qp('>)\4N\229\252\203\14-\19E\255\191\209','{_a \145\220\168')},[Qp('\139\189\150O+D\1\185\178\138_}d\20\173','\202\211\248&]!s')]={[Qp('\213\186\254\173\232','\154\200')]=27,[Qp('\136\173\21^\172\171\tY','\216\194f7')]=Mf[Qp('\158\222\138\188\245\157','\221\152\248')][Qp(">5\'",'P')](2444.7214399999998,3161.02612,852.37481700000001,-0.58069765600000001,0,-0.81411927900000003,0,1,0,0.81411927900000003,0,-0.58069765600000001),[Qp('\243\52\195/','\176[')]=415,[Qp('b\219\226[\145\20B\215\196P\132\31','!\174\144)\244z')]=Qp('Pzzl','\23\31')}},{[Qp('\239\\,\6u\191\222F>IH\165\223','\187\52I&:\201')]={[Qp('\215H\252_\234','\152:')]=1},[Qp('\162r[\184v:\159}\207KT\163p?\155k\138','\239\27\53\209\17[\242\24')]={[Qp('\192\193\235\214\253','\143\179')]=2},[Qp('\146Y\169\238h\225o\186\234u','\193<\223\139\6')]={[Qp('\204\191\231\168\241','\131\205')]=3}},{[Qp("L\129\144\190\203[\170\27\158\'\199f\157\147\163\133w\178\v\201\29\208",'\5\239\246\215\165\50\222b\177t\162')]={[Qp('\224\144\203\135\221','\175\226')]=1,[Qp('r\161Z\171^',';\204')]=Qp('\24\205\28\220\nl\t\182+\27\245\t\172]\157P\133A-T\243uG\255\30\182\\','j\175d\189y\31l\194B\127\207&\131')},[Qp('\210k\213\177\14\210q\216\191]','\128\30\187\212.')]={[Qp('Jgapw','\5\21')]=2,[Qp('y\145Q\155U','0\252')]=Qp('\186\233\249\210\170\51\254\31)\181\229\"\221\241\186\185\134\233t\163Zx\227\239\57\192\255','\200\139\129\179\217@\155k@\209\223\r\242')},[Qp('\168\128\250xq\1\137\184\154\226oj\23\197','\251\232\155\28\30v\169')]={[Qp('\219Y\240N\230','\148+')]=3,[Qp('5\167\29\173\25','|\202')]=Qp('\197i\14\1\233J\181\184\199L}\143\15\2\135?@W\174\15\225\251\150\24\127\148\19\v','\183\vv\96\154\57\208\204\174(G\160 3')},[Qp('\176\141)\31\145\212\172$\31\142\144','\244\255L~\252')]={[Qp('\0\2+\21=','Op')]=4,[Qp('\154\216\178\210\182','\211\181')]=Qp(",\131\226\198\161\220\az\a\214n0\205\212l\216\169\158\226\152S6]\130a\'\210\221",'^\225\154\167\210\175b\14n\178T\31\226\229')},[Qp('\"F\15\"\6n\199\23U\r*\r \245','e4jGhN\129')]={[Qp('\27%02&','TW')]=5,[Qp("\'^\15T\v",'n3')]=Qp('@#\145\168\53?ly\164\244\141\49\15Q\2u\220\252qy<4\252\163\131.\18R','2A\233\201FL\t\r\205\144\183\30 \96')}},{[Qp('SnHGNjH\4k','\3\v<g')]={[Qp('B=i*\127','\rO')]=1,[Qp('\239\26\19b\203\28\15e','\191u\96\v')]=Mf[Qp('J\179vh\152a','\t\245\4')][Qp('#(:','M')](9909.4902299999994,2907.40771,225.727768,-0.99770516200000003,2.7657637199999997e-07,-0.067708164500000001,2.59595367e-07,1,2.5959545299999999e-07,0.067708164500000001,2.4142301000000001e-07,-0.99770516200000003),[Qp("\'\167\23\188",'d\200')]=5000},[Qp('\242\211\182\205\182\244\193\167\216\230\212','\177\178\196\185\150')]={[Qp("\'\b\f\31\26",'hz')]=2,[Qp('\170=F\227\142;Z\228','\250R5\138')]=Mf[Qp('\128\149\54\162\190!','\195\211D')][Qp('1:(','_')](9901.24316,7681.2260699999997,254.462311,-0.955711961,-3.24498387e-07,0.29430365600000002,-2.5959542399999999e-07,1,2.5959559499999998e-07,-0.29430365600000002,1.7169873000000001e-07,-0.955711961),[Qp('P!\96:','\19N')]=200000},[Qp('\20\128P\23-f\172^\25.','F\239\50xY')]={[Qp('2\205\25\218\15','}\191')]=3,[Qp('\224Iq,\196Om+','\176&\2E')]=Mf[Qp('\207Q8\237z/','\140\23J')][Qp('\223\212\198','\177')](9888.1279300000006,13409.247100000001,261.94576999999998,-0.99999755599999995,-2.6017173100000001e-07,0.0022217128399999999,-2.5959562300000003e-07,1,2.5959553799999998e-07,-0.0022217128399999999,2.5901815100000002e-07,-0.99999755599999995),[Qp('\210\0\226\27','\145o')]=2500000},[Qp('C\173\205\4\226+\144\220\19\228x','\v\212\189a\144')]={[Qp('\195\5\232\18\254','\140w')]=4,[Qp('\16^,\203\52X0\204','@1_\162')]=Mf[Qp('\20\213\218\54\254\205','W\147\168')][Qp('\137\130\144','\231')](9860.1914099999995,20089.099600000001,254.75614899999999,-0.76200717699999998,3.6591973200000002e-07,0.64756858299999998,2.5959570800000002e-07,1,-2.5959556599999998e-07,-0.64756858299999998,-2.9707671000000001e-08,-0.76200717699999998),[Qp('\188k\140p','\255\4')]=5000000}},{[Qp(';Q\rI','~0')]={[Qp('\203C\224T\246','\132\49')]=1},[Qp('\210Yl\246Ie','\159<\b')]={[Qp(',9\a.\17','cK')]=2},[Qp('\a\29=\24','O|')]={[Qp('\254\220\213\203\195','\177\174')]=3},[Qp('\228\142\246\204\142\224','\173\224\133')]={[Qp('\179\225\152\246\142','\252\147')]=4}},{[Qp('\195\135\140N\214\128\153\v','\130\233\245n')]={[Qp('Z\155q\140g','\21\233')]=1,[Qp(',\96\4j\0','e\r')]=Qp('_\189u\254\f\28PY\182i\165P@\5','-\223\r\159\127o5')},[Qp('\130\142\31f$\174\221\178\192<c#\191\192\185','\203\224y\15J\199\169')]={[Qp('h\135C\144U',"\'\245")]=3,[Qp('\129\174\169\164\173','\200\195')]=Qp('\249\195\166PJ\129h c\174\215x\172\188\147\234\t\1\192\53e=\242\221o\182\189','\139\161\222\49\57\242\rT\n\202\237W\131')}},{[Qp('\158','\174')]={[Qp('M\129f\150p','\2\243')]=1},[Qp('\134','\183')]={[Qp('=\193\22\214\0','r\179')]=2},[Qp('\234','\216')]={[Qp('p\236[\251M','?\158')]=3},[Qp('\204','\255')]={[Qp('Saxvn','\28\19')]=4},[Qp('\239','\219')]={[Qp('\187\175\144\184\134','\244\221')]=5},[Qp('\27','.')]={[Qp('\215s\252d\234','\152\1')]=6}},{[Qp('\247|\251\238\53\221,\215\226\55','\164\f\146\133P')]={[Qp('\129\152\164\155\178','\214\247')]=Qp('\96\57\26U\248\142Q#\b\26\197\148P','4Q\127u\183\248')},[Qp('\164C\142\173\136\2\172\167\142','\233\"\233\192')]={[Qp('d|A\127W','3\19')]=Qp("\'\57Hlf\240\22#Z#[\234\23",'sQ-L)\134')},[Qp('\132\150\26\159\211\166\136C\169\192\160','\199\228c\236\167')]={[Qp('H\192m\195{','\31\175')]=Qp('~|\24\151y\bOf\n\216D\18N','*\20}\183\54~')},[Qp('\254\15\210\250\192Z\249\252\213','\178z\188\155')]={[Qp('\216\134\253\133\235','\143\233')]=Qp('r&B\202\145\51C<P\133\172)B',"&N\'\234\222E")},[Qp(':\159\206:L\181\192\57','l\240\167^')]={[Qp('dgAdW','3\b')]=Qp('\174\134\236\228\230^\159\156\254\171\219D\158','\250\238\137\196\169(')},[Qp('q.\222\158\25\14\213\149','9K\178\242')]={[Qp('\133\54\160\53\182','\210Y')]=Qp('\tw\220YTK8m\206\22iQ9',']\31\185y\27=')},[Qp(']\200\251 \29\138r\211\249h,\128t','\19\161\156Hi\231')]={[Qp('o\162J\161\\','8\205')]=Qp('\130\237\183\238\50\195\179\247\165\161\15\217\178','\214\133\210\206}\181')},[Qp('\149\161\151\3~\168\183\222({\160','\199\192\254m\28')]={[Qp('+\170\14\169\24','|\197')]=Qp('\173\204\19]qh\156\214\1\18Lr\157','\249\164v}>\30')},[Qp('<G\227\181\249\22\14\200\187\240','q.\141\220\151')]={[Qp('\178\n\151\t\129','\229e')]=Qp('\243>Z\182\166\230\214\51\158\aU\173\160\227\210%\219','\190W4\223\193\135\187V')},[Qp('\24f\200\237)?\239\239<','[\31\170\136')]={[Qp('\188\175\153\172\143','\235\192')]=Qp('\217\148,(&\178\221Z\180\173#3 \183\217L\241','\148\253BAA\211\176?')},[Qp('f$\147\21\b\4\155\28','(A\252{')]={[Qp('\15G*D<','X(')]=Qp('C\223\244\242\185<\173B.\230\251\233\191\57\169Tk',"\14\182\154\155\222]\192\'")}},{[Qp('\a&=[Dt\16._Y','TCK>*')]={[Qp('\173\25\254\164\137\31\226\163','\253v\141\205')]=Mf[Qp('$\192\150\6\235\129','g\134\228')][Qp('xsa','\22')](-23651.472699999998,8.5398168600000002,-160.89967300000001,1,-2.5959559499999998e-07,4.0450288500000003e-08,2.5959562300000003e-07,1,-2.5959550999999999e-07,-4.0450224500000002e-08,2.5959550999999999e-07,1)},[Qp('\220o\134.\152\131*\250#\167=\142\142+','\158\3\239T\226\226X')]={[Qp('\162\224\219\194\134\230\199\197','\242\143\168\171')]=Mf[Qp('\182p\189\148[\170','\245\54\207')][Qp('\145\154\136','\255')](-21381.169900000001,7.5563092200000002,-101000.164,0.99782150999999997,4.5022431000000003e-21,-0.065971672499999995,-5.5452338400000001e-21,1,-1.5626563000000001e-20,0.065971672499999995,1.5958348e-20,0.99782150999999997)},[Qp('\149\253\153\209@v\229\216\133\204Ht\160','\197\146\240\162/\24')]={[Qp('vV\209JRP\205M','&9\162#')]=Mf[Qp('\26\143\204\56\164\219','Y\201\190')][Qp('\30\21\a','p')](-19279.666000000001,7.8945059799999999,18679.796900000001,0.99999779499999997,-1.7645393800000001e-23,0.0020920455,1.7665509700000001e-23,1,-9.5967587600000002e-24,-0.0020920455,9.6336948000000003e-24,0.99999779499999997)},[Qp('\131\54v\a\140r^5\175xF\r\146\127V/\165','\202X\16b\254\28\55A')]={[Qp('\192\132eU\228\130yR','\144\235\22<')]=Mf[Qp('\152\191\245\186\148\226','\219\249\135')][Qp('CHZ','-')](-17223.351600000002,10.3985424,-20488.474600000001,0.99999779499999997,-2.5905177400000001e-07,-0.0020920429399999998,2.5959542399999999e-07,1,2.5959553799999998e-07,0.0020920429399999998,-2.6013805200000003e-07,0.99999779499999997)},[Qp("\161sN\'\14i\153p\\=ZA\158",'\237\28=S.(')]={[Qp(')\trW\r\15nP','yf\1>')]=Mf[Qp('\bp\23*[\0','K6e')][Qp('83!','V')](-14034.9414,3.3825633499999999,-20151.152300000002,0.74314814799999995,-3.6661731399999998e-07,-0.66912692799999995,2.5959369100000001e-07,1,-2.5959312200000001e-07,0.66912692799999995,1.9215027799999999e-08,0.74314814799999995)},[Qp('>g\21\133V\153\51f\28\133U\221','z\21p\228;\185')]={[Qp('\184\146\151\164\156\